Flame/ash1_raster.toa
NCOLS 382
NROWS 266
XLLCORNER 157819.328125
YLLCORNER 384678.625000
CELLSIZE 30.000000
NODATA_VALUE -1
[rows 130 to 155 of 266, columns 120 to 179 of 382]
-0001.000 -0001.000 -0001.000 -0001.000 -0001.000 -0001.000 -0001.000 -0001.000 -0001.000 -0001.000 00008.767 00008.507 00008.258 00008.000 00007.571 00007.151 00006.872 00006.672 00006.477 00006.285 00006.098 00005.923 00005.754 00005.587 00005.418 00005.249 00005.084 00004.932 00004.788 00004.658 00004.525 00004.397 00004.261 00004.130 00003.996 00003.904 00003.821 00003.743 00003.675 00003.614 00003.560 00003.534 00003.490 00003.443 00003.358 00003.239 00003.101 00002.996 00002.929 00002.869 00002.815 00002.764 00002.727 00002.698 00002.689 00002.680 00002.647 00002.607 00002.571 00002.538
-0001.000 -0001.000 -0001.000 -0001.000 -0001.000 -0001.000 -0001.000 -0001.000 -0001.000 -0001.000 00008.825 00008.554 00008.296 00008.037 00007.602 00007.167 00006.878 00006.676 00006.478 00006.284 00006.095 00005.914 00005.744 00005.578 00005.413 00005.250 00005.085 00004.928 00004.783 00004.643 00004.511 00004.382 00004.256 00004.123 00003.993 00003.893 00003.806 00003.725 00003.652 00003.586 00003.529 00003.493 00003.442 00003.390 00003.308 00003.243 00003.123 00002.978 00002.906 00002.845 00002.790 00002.738 00002.700 00002.669 00002.662 00002.640 00002.601 00002.562 00002.528 00002.498
-0001.000 -0001.000 -0001.000 -0001.000 -0001.000 -0001.000 -0001.000 -0001.000 -0001.000 -0001.000 -0001.000 00008.737 00008.385 00008.078 00007.659 00007.216 00006.908 00006.692 00006.479 00006.283 00006.093 00005.912 00005.739 00005.569 00005.405 00005.243 00005.084 00004.931 00004.780 00004.635 00004.496 00004.366 00004.240 00004.111 00003.987 00003.885 00003.790 00003.708 00003.629 00003.562 00003.497 00003.452 00003.399 00003.340 00003.259 00003.188 00003.130 00002.977 00002.883 00002.822 00002.765 00002.712 00002.674 00002.644 00002.624 00002.596 00002.556 00002.518 00002.484 00002.462
-0001.000 -0001.000 -0001.000 -0001.000 -0001.000 -0001.000 -0001.000 -0001.000 -0001.000 -0001.000 -0001.000 -0001.000 00008.574 00008.266 00007.740 00007.277 00006.957 00006.739 00006.525 00006.313 00006.104 00005.910 00005.737 00005.567 00005.399 00005.236 00005.074 00004.925 00004.778 00004.628 00004.487 00004.350 00004.222 00004.095 00003.975 00003.878 00003.780 00003.691 00003.611 00003.538 00003.466 00003.412 00003.360 00003.289 00003.209 00003.138 00003.077 00002.975 00002.860 00002.799 00002.740 00002.687 00002.643 00002.613 00002.581 00002.548 00002.509 00002.473 00002.439 00002.426
-0001.000 -0001.000 -0001.000 -0001.000 -0001.000 -0001.000 -0001.000 -0001.000 -0001.000 -0001.000 -0001.000 -0001.000 -0001.000 -0001.000 00008.033 00007.344 00007.011 00006.786 00006.571 00006.361 00006.153 00005.950 00005.757 00005.571 00005.396 00005.228 00005.065 00004.913 00004.768 00004.621 00004.478 00004.340 00004.204 00004.078 00003.965 00003.868 00003.770 00003.676 00003.593 00003.514 00003.434 00003.381 00003.311 00003.237 00003.158 00003.086 00003.021 00002.954 00002.838 00002.775 00002.715 00002.661 00002.612 00002.573 00002.537 00002.500 00002.462 00002.427 00002.401 00002.388
-0001.000 -0001.000 -0001.000 -0001.000 -0001.000 -0001.000 -0001.000 -0001.000 -0001.000 -0001.000 -0001.000 -0001.000 -0001.000 -0001.000 -0001.000 00007.464 00007.121 00006.869 00006.649 00006.437 00006.224 00006.000 00005.795 00005.601 00005.396 00005.219 00005.055 00004.901 00004.757 00004.612 00004.470 00004.332 00004.196 00004.062 00003.955 00003.858 00003.761 00003.666 00003.574 00003.494 00003.412 00003.348 00003.270 00003.189 00003.118 00003.044 00002.967 00002.903 00002.816 00002.752 00002.691 00002.635 00002.582 00002.535 00002.491 00002.456 00002.417 00002.382 00002.364 00002.349
-0001.000 -0001.000 -0001.000 -0001.000 -0001.000 -0001.000 -0001.000 -0001.000 -0001.000 -0001.000 -0001.000 -0001.000 -0001.000 -0001.000 -0001.000 -0001.000 00007.283 00006.980 00006.760 00006.536 00006.326 00006.067 00005.926 00005.688 00005.397 00005.209 00005.045 00004.895 00004.747 00004.605 00004.465 00004.324 00004.191 00004.057 00003.945 00003.850 00003.753 00003.657 00003.562 00003.476 00003.395 00003.317 00003.238 00003.154 00003.084 00003.011 00002.930 00002.864 00002.793 00002.728 00002.668 00002.610 00002.555 00002.506 00002.460 00002.418 00002.382 00002.347 00002.326 00002.311
-0001.000 -0001.000 -0001.000 -0001.000 -0001.000 -0001.000 -0001.000 -0001.000 -0001.000 -0001.000 -0001.000 -0001.000 -0001.000 -0001.000 -0001.000 -0001.000 -0001.000 00007.326 00006.883 00006.761 00006.563 00006.280 00006.299 -0001.000 00005.446 00005.266 00005.041 00004.890 00004.746 00004.601 00004.462 00004.325 00004.187 00004.056 00003.941 00003.842 00003.746 00003.650 00003.556 00003.461 00003.379 00003.293 00003.212 00003.135 00003.058 00002.982 00002.907 00002.837 00002.771 00002.705 00002.644 00002.586 00002.531 00002.481 00002.433 00002.391 00002.355 00002.320 00002.294 00002.273
-0001.000 -0001.000 -0001.000 -0001.000 -0001.000 -0001.000 -0001.000 -0001.000 -0001.000 -0001.000 -0001.000 -0001.000 -0001.000 -0001.000 -0001.000 -0001.000 -0001.000 -0001.000 -0001.000 -0001.000 -0001.000 -0001.000 -0001.000 -0001.000 -0001.000 -0001.000 00005.128 00004.888 00004.745 00004.603 00004.461 00004.326 00004.187 00004.054 00003.940 00003.837 00003.739 00003.643 00003.549 00003.454 00003.364 00003.279 00003.198 00003.118 00003.037 00002.962 00002.887 00002.814 00002.749 00002.684 00002.621 00002.563 00002.507 00002.456 00002.408 00002.366 00002.328 00002.293 00002.265 00002.246
-0001.000 -0001.000 -0001.000 -0001.000 -0001.000 -0001.000 -0001.000 -0001.000 -0001.000 -0001.000 -0001.000 -0001.000 -0001.000 -0001.000 -0001.000 -0001.000 -0001.000 -0001.000 -0001.000 -0001.000 -0001.000 -0001.000 -0001.000 -0001.000 -0001.000 -0001.000 -0001.000 00004.891 00004.746 00004.606 00004.464 00004.325 00004.187 00004.051 00003.937 00003.834 00003.733 00003.636 00003.542 00003.446 00003.353 00003.265 00003.184 00003.102 00003.022 00002.944 00002.868 00002.793 00002.727 00002.662 00002.599 00002.539 00002.484 00002.431 00002.383 00002.341 00002.302 00002.268 00002.237 00002.217
-0001.000 -0001.000 -0001.000 -0001.000 -0001.000 -0001.000 -0001.000 -0001.000 -0001.000 -0001.000 -0001.000 -0001.000 -0001.000 -0001.000 -0001.000 -0001.000 -0001.000 -0001.000 -0001.000 -0001.000 -0001.000 -0001.000 -0001.000 -0001.000 -0001.000 -0001.000 -0001.000 00004.896 00004.748 00004.607 00004.466 00004.324 00004.186 00004.048 00003.933 00003.831 00003.729 00003.628 00003.532 00003.438 00003.343 00003.251 00003.168 00003.089 00003.007 00002.926 00002.850 00002.775 00002.706 00002.641 00002.577 00002.517 00002.461 00002.407 00002.359 00002.316 00002.276 00002.242 00002.212 00002.193
-0001.000 -0001.000 -0001.000 -0001.000 -0001.000 -0001.000 -0001.000 -0001.000 -0001.000 -0001.000 -0001.000 -0001.000 -0001.000 -0001.000 -0001.000 -0001.000 -0001.000 -0001.000 -0001.000 -0001.000 -0001.000 00006.294 00006.317 -0001.000 -0001.000 00005.448 00005.225 00004.906 00004.750 00004.608 00004.467 00004.325 00004.184 00004.047 00003.930 00003.826 00003.725 00003.623 00003.522 00003.428 00003.333 00003.241 00003.152 00003.073 00002.991 00002.909 00002.832 00002.757 00002.685 00002.620 00002.555 00002.495 00002.438 00002.382 00002.335 00002.291 00002.251 00002.218 00002.190 00002.170
-0001.000 -0001.000 -0001.000 -0001.000 -0001.000 -0001.000 -0001.000 -0001.000 -0001.000 -0001.000 -0001.000 -0001.000 -0001.000 -0001.000 -0001.000 00008.475 00008.371 -0001.000 -0001.000 -0001.000 -0001.000 00006.356 00006.180 00006.120 00005.623 00005.314 00005.126 00004.923 00004.765 00004.610 00004.468 00004.328 00004.186 00004.046 00003.930 00003.823 00003.719 00003.618 00003.516 00003.417 00003.323 00003.230 00003.138 00003.055 00002.974 00002.892 00002.812 00002.737 00002.664 00002.597 00002.534 00002.472 00002.415 00002.358 00002.310 00002.266 00002.226 00002.193 00002.167 00002.148
-0001.000 -0001.000 -0001.000 -0001.000 -0001.000 -0001.000 -0001.000 -0001.000 -0001.000 -0001.000 -0001.000 -0001.000 -0001.000 -0001.000 00008.624 00008.436 00008.308 00008.232 -0001.000 -0001.000 -0001.000 00006.384 00006.040 00005.889 00005.594 00005.371 00005.117 00004.940 00004.783 00004.627 00004.474 00004.330 00004.190 00004.049 00003.930 00003.823 00003.715 00003.613 00003.511 00003.410 00003.313 00003.220 00003.127 00003.038 00002.956 00002.874 00002.794 00002.717 00002.643 00002.574 00002.511 00002.449 00002.391 00002.334 00002.286 00002.241 00002.201 00002.168 00002.144 00002.125
-0001.000 -0001.000 -0001.000 -0001.000 -0001.000 -0001.000 -0001.000 -0001.000 -0001.000 -0001.000 -0001.000 -0001.000 -0001.000 00008.857 00008.617 00008.446 00008.279 00008.124 00007.330 00007.206 00006.853 00006.481 00006.256 00006.006 00005.804 00005.501 00005.302 00004.970 00004.805 00004.646 00004.489 00004.339 00004.194 00004.052 00003.931 00003.823 00003.716 00003.608 00003.507 00003.405 00003.304 00003.210 00003.117 00003.025 00002.937 00002.855 00002.776 00002.697 00002.623 00002.551 00002.488 00002.426 00002.367 00002.311 00002.261 00002.217 00002.177 00002.143 00002.121 00002.102
-0001.000 -0001.000 -0001.000 -0001.000 -0001.000 -0001.000 -0001.000 -0001.000 -0001.000 -0001.000 -0001.000 -0001.000 -0001.000 00008.883 00008.660 00008.464 00008.282 00008.110 00007.653 00007.130 00006.831 00006.612 00006.368 00006.256 00006.074 -0001.000 -0001.000 -0001.000 00004.835 00004.666 00004.504 00004.350 00004.202 00004.057 00003.933 00003.824 00003.717 00003.609 00003.503 00003.401 00003.300 00003.200 00003.107 00003.014 00002.919 00002.836 00002.757 00002.678 00002.603 00002.529 00002.465 00002.402 00002.343 00002.287 00002.237 00002.192 00002.152 00002.118 00002.098 00002.080
-0001.000 -0001.000 -0001.000 -0001.000 -0001.000 -0001.000 -0001.000 -0001.000 -0001.000 -0001.000 -0001.000 -0001.000 -0001.000 00008.961 00008.721 00008.499 00008.292 00008.101 00007.743 00007.433 00007.154 00006.947 00006.571 00006.637 -0001.000 -0001.000 -0001.000 -0001.000 00004.857 00004.688 00004.521 00004.363 00004.211 00004.064 00003.937 00003.824 00003.717 00003.610 00003.503 00003.397 00003.296 00003.196 00003.098 00003.004 00002.908 00002.818 00002.738 00002.659 00002.582 00002.508 00002.441 00002.379 00002.319 00002.263 00002.212 00002.167 00002.128 00002.095 00002.073 00002.056
-0001.000 -0001.000 -0001.000 -0001.000 -0001.000 -0001.000 -0001.000 -0001.000 -0001.000 -0001.000 -0001.000 -0001.000 -0001.000 -0001.000 00008.828 00008.661 00008.513 00008.377 00008.136 00007.958 00007.458 00007.476 -0001.000 -0001.000 -0001.000 -0001.000 -0001.000 00005.167 00004.872 00004.705 00004.539 00004.377 00004.223 00004.073 00003.942 00003.828 00003.716 00003.609 00003.503 00003.397 00003.292 00003.191 00003.092 00002.995 00002.898 00002.801 00002.719 00002.641 00002.562 00002.488 00002.417 00002.355 00002.295 00002.239 00002.187 00002.142 00002.103 00002.070 00002.046 00002.028
-0001.000 -0001.000 -0001.000 -0001.000 -0001.000 -0001.000 -0001.000 -0001.000 -0001.000 -0001.000 -0001.000 -0001.000 -0001.000 -0001.000 -0001.000 00008.974 00008.831 00008.714 -0001.000 -0001.000 -0001.000 -0001.000 -0001.000 -0001.000 -0001.000 -0001.000 -0001.000 00005.096 00004.886 00004.721 00004.557 00004.395 00004.236 00004.085 00003.951 00003.834 00003.721 00003.609 00003.503 00003.397 00003.291 00003.187 00003.087 00002.987 00002.889 00002.793 00002.700 00002.622 00002.543 00002.467 00002.393 00002.331 00002.270 00002.214 00002.161 00002.116 00002.074 00002.042 00002.016 00001.999
-0001.000 -0001.000 -0001.000 -0001.000 -0001.000 -0001.000 -0001.000 -0001.000 -0001.000 -0001.000 -0001.000 -0001.000 -0001.000 -0001.000 -0001.000 -0001.000 -0001.000 -0001.000 -0001.000 -0001.000 -0001.000 -0001.000 -0001.000 -0001.000 -0001.000 -0001.000 -0001.000 00005.077 00004.901 00004.734 00004.571 00004.411 00004.253 00004.100 00003.960 00003.843 00003.728 00003.615 00003.503 00003.397 00003.291 00003.186 00003.082 00002.982 00002.881 00002.784 00002.688 00002.603 00002.525 00002.447 00002.373 00002.308 00002.245 00002.189 00002.134 00002.089 00002.044 00002.008 00001.971 00001.957
-0001.000 -0001.000 -0001.000 -0001.000 -0001.000 -0001.000 -0001.000 -0001.000 -0001.000 -0001.000 -0001.000 -0001.000 -0001.000 -0001.000 -0001.000 -0001.000 -0001.000 -0001.000 -0001.000 -0001.000 -0001.000 -0001.000 -0001.000 -0001.000 -0001.000 -0001.000 00005.304 00005.103 00004.923 00004.748 00004.585 00004.426 00004.269 00004.115 00003.973 00003.853 00003.736 00003.622 00003.509 00003.397 00003.291 00003.186 00003.081 00002.976 00002.876 00002.775 00002.680 00002.584 00002.506 00002.428 00002.354 00002.284 00002.222 00002.164 00002.107 00002.060 00002.008 00001.967 00001.923 00001.913
-0001.000 -0001.000 -0001.000 -0001.000 -0001.000 -0001.000 -0001.000 -0001.000 -0001.000 -0001.000 -0001.000 -0001.000 -0001.000 -0001.000 -0001.000 -0001.000 -0001.000 -0001.000 -0001.000 -0001.000 00006.712 00006.518 00006.312 00006.048 00006.096 00005.551 00005.322 00005.137 00004.957 00004.782 00004.608 00004.441 00004.285 00004.131 00003.985 00003.866 00003.747 00003.630 00003.516 00003.404 00003.292 00003.186 00003.082 00002.975 00002.870 00002.770 00002.672 00002.577 00002.488 00002.410 00002.334 00002.261 00002.199 00002.140 00002.080 00002.030 00001.969 00001.922 00001.876 00001.863
-0001.000 -0001.000 -0001.000 -0001.000 -0001.000 -0001.000 -0001.000 -0001.000 -0001.000 -0001.000 -0001.000 -0001.000 -0001.000 -0001.000 -0001.000 -0001.000 -0001.000 -0001.000 -0001.000 -0001.000 00006.646 00006.452 00006.252 00006.044 00005.913 00005.546 00005.355 00005.171 00004.990 00004.817 00004.645 00004.476 00004.310 00004.147 00003.997 00003.877 00003.760 00003.641 00003.524 00003.411 00003.299 00003.188 00003.081 00002.976 00002.869 00002.765 00002.666 00002.569 00002.474 00002.391 00002.315 00002.242 00002.176 00002.115 00002.053 00001.996 00001.930 00001.877 00001.829 00001.810
-0001.000 -0001.000 -0001.000 -0001.000 -0001.000 -0001.000 -0001.000 -0001.000 -0001.000 -0001.000 -0001.000 -0001.000 -0001.000 -0001.000 -0001.000 -0001.000 -0001.000 -0001.000 -0001.000 00006.832 00006.614 00006.431 00006.241 00006.043 00005.803 00005.606 00005.404 00005.220 00005.038 00004.860 00004.684 00004.512 00004.345 00004.184 00004.025 00003.889 00003.771 00003.653 00003.537 00003.421 00003.306 00003.195 00003.085 00002.976 00002.870 00002.764 00002.661 00002.563 00002.467 00002.373 00002.297 00002.223 00002.154 00002.090 00002.026 00001.959 00001.891 00001.832 00001.782 00001.754
-0001.000 -0001.000 -0001.000 -0001.000 -0001.000 -0001.000 -0001.000 -0001.000 -0001.000 -0001.000 -0001.000 -0001.000 -0001.000 -0001.000 -0001.000 -0001.000 -0001.000 00008.009 00007.148 00006.863 00006.645 00006.436 00006.230 00006.041 00005.839 00005.641 00005.453 00005.268 00005.086 00004.907 00004.731 00004.558 00004.388 00004.223 00004.064 00003.924 00003.795 00003.668 00003.549 00003.434 00003.319 00003.203 00003.093 00002.982 00002.871 00002.765 00002.661 00002.558 00002.461 00002.365 00002.278 00002.204 00002.132 00002.066 00001.996 00001.922 00001.853 00001.787 00001.735 00001.696
-0001.000 -0001.000 -0001.000 -0001.000 -0001.000 -0001.000 -0001.000 -0001.000 -0001.000 -0001.000 -0001.000 -0001.000 -0001.000 -0001.000 -0001.000 00008.215 00007.913 00007.611 00007.155 00006.886 00006.678 00006.476 00006.272 00006.067 00005.872 00005.686 00005.501 00005.316 00005.133 00004.953 00004.776 00004.601 00004.432 00004.269 00004.108 00003.959 00003.830 00003.705 00003.579 00003.453 00003.334 00003.222 00003.107 00002.993 00002.882 00002.768 00002.664 00002.560 00002.455 00002.360 00002.264 00002.186 00002.113 00002.043 00001.965 00001.885 00001.816 00001.745 00001.690 00001.641
