Flame/ash1_raster.fli
NCOLS 382
NROWS 266
XLLCORNER 157819.328125
YLLCORNER 384678.625000
CELLSIZE 30.000000
NODATA_VALUE -1
[rows 182 to 207 of 266, columns 240 to 299 of 382]
00072.870 00072.027 00071.899 00072.097 00072.308 00063.344 00063.310 00062.809 00062.316 00062.401 00062.256 00060.528 00059.336 00058.447 00057.219 00056.985 00056.879 00057.177 00057.459 00057.172 00056.573 00054.127 00047.962 00047.905 00050.252 00052.451 00053.783 00054.086 00054.706 00051.495 00049.996 00048.360 00040.769 00038.077 00037.391 00037.330 00037.193 00036.618 00036.350 00036.612 00036.666 00036.443 00035.770 00035.221 00034.589 00033.011 00033.134 00035.726 00043.634 00065.450 00138.627 00209.587 00066.684 00092.544 00109.409 00119.032 00124.450 00140.742 00208.576 00278.345
00069.526 00069.169 00068.967 00060.545 00060.660 00060.737 00061.075 00061.539 00061.121 00060.899 00060.274 00059.965 00059.252 00058.779 00058.271 00058.150 00057.584 00055.307 00053.636 00054.144 00053.999 00054.262 00054.208 00045.972 00045.963 00045.145 00045.141 00046.919 00045.025 00039.391 00036.930 00036.234 00035.968 00035.861 00035.703 00035.642 00035.648 00035.735 00035.565 00035.192 00034.972 00034.992 00034.765 00034.295 00033.695 00033.241 00052.413 00058.368 00060.117 00075.292 00070.327 00081.003 00089.153 00094.039 00097.818 00101.450 00104.256 00106.598 00219.043 00216.830
00064.712 00058.904 00058.681 00058.804 00058.989 00059.511 00057.985 00058.768 00059.738 00060.593 00060.557 00059.998 00058.584 00058.361 00058.336 00057.942 00057.692 00056.147 00056.084 00056.321 00051.226 00050.606 00051.485 00052.687 00038.285 00036.252 00035.079 00034.589 00034.729 00034.775 00034.648 00034.580 00033.970 00033.600 00033.627 00033.296 00033.170 00033.169 00033.243 00033.536 00033.866 00033.830 00034.045 00034.101 00054.538 00064.457 00068.841 00071.048 00072.725 00074.765 00078.677 00084.813 00088.534 00089.449 00091.551 00094.473 00098.784 00110.997 00110.942 00163.763
00053.965 00055.912 00056.498 00056.595 00057.429 00057.202 00057.191 00056.997 00056.739 00056.571 00056.880 00057.205 00056.853 00057.069 00057.137 00057.084 00056.853 00056.523 00056.299 00056.003 00056.316 00052.232 00038.928 00037.713 00038.208 00038.744 00033.187 00033.104 00033.083 00033.328 00033.386 00033.295 00033.293 00032.975 00033.077 00033.082 00032.645 00032.137 00032.069 00032.366 00033.066 00033.995 00052.785 00060.933 00065.417 00068.052 00069.729 00070.744 00071.560 00073.607 00077.646 00081.814 00085.913 00087.082 00086.689 00088.110 00087.613 00088.744 00102.051 00102.375
00047.106 00049.571 00051.363 00053.431 00054.310 00054.761 00055.060 00055.578 00055.767 00056.000 00055.574 00055.345 00055.003 00055.070 00055.188 00055.276 00055.274 00055.185 00055.582 00055.693 00044.161 00040.339 00040.150 00040.148 00035.817 00035.162 00033.351 00032.022 00031.768 00031.541 00031.711 00031.946 00032.129 00032.282 00032.306 00031.830 00032.045 00031.938 00031.541 00046.274 00054.835 00059.080 00061.411 00062.819 00063.717 00064.336 00065.069 00065.813 00066.811 00068.959 00071.106 00073.208 00076.765 00080.227 00082.378 00084.080 00082.168 00082.599 00082.814 00085.948
00042.265 00044.069 00046.639 00048.702 00049.897 00051.101 00052.013 00052.925 00053.272 00053.693 00053.636 00053.680 00053.962 00054.097 00054.106 00054.047 00053.973 00053.884 00043.137 00039.846 00039.224 00038.625 00037.931 00037.123 00035.716 00034.719 00033.217 00031.513 00030.546 00030.656 00030.554 00030.543 00031.180 00031.313 00031.377 00031.453 00036.806 00050.746 00056.998 00060.443 00062.206 00062.809 00063.099 00063.204 00062.804 00062.826 00063.087 00063.245 00062.966 00062.145 00061.178 00062.157 00065.829 00070.316 00075.670 00081.696 00085.281 00083.731 00079.691 00081.435
00045.793 00046.418 00043.791 00045.108 00046.261 00047.281 00048.389 00049.750 00050.537 00051.362 00051.888 00052.213 00051.906 00052.206 00052.705 00053.101 00043.229 00039.518 00038.917 00038.414 00037.893 00037.435 00036.987 00036.614 00036.120 00035.592 00033.724 00031.537 00030.416 00029.371 00029.430 00029.297 00029.726 00034.416 00047.012 00052.988 00056.271 00058.439 00060.043 00061.075 00061.751 00062.185 00061.965 00062.128 00062.281 00062.165 00062.016 00061.710 00061.177 00060.817 00060.763 00061.103 00059.974 00060.580 00065.607 00072.829 00078.972 00079.683 00079.881 00077.010
00045.225 00045.582 00045.934 00046.320 00043.618 00044.713 00045.682 00047.243 00048.348 00049.120 00049.059 00049.535 00050.182 00050.619 00041.776 00038.986 00038.507 00038.085 00038.271 00038.043 00037.412 00036.898 00036.369 00035.904 00035.451 00035.015 00034.633 00034.325 00031.778 00034.691 00042.188 00045.697 00048.258 00050.034 00052.591 00054.712 00056.191 00057.548 00058.459 00059.110 00059.641 00060.180 00060.457 00059.932 00060.445 00061.152 00061.474 00061.318 00061.599 00061.701 00060.906 00059.638 00057.835 00057.049 00060.507 00063.421 00066.036 00068.760 00072.289 00074.445
00043.415 00044.194 00044.987 00047.248 00044.542 00041.185 00043.349 00045.060 00046.259 00046.561 00046.804 00043.359 00036.856 00036.180 00035.858 00036.047 00036.431 00036.254 00036.214 00036.394 00035.805 00035.657 00035.381 00035.091 00034.820 00034.521 00034.281 00051.104 00062.665 00066.926 00068.395 00068.999 00055.359 00049.494 00054.224 00052.688 00052.671 00053.716 00054.303 00054.990 00056.044 00056.729 00057.169 00057.510 00057.721 00058.208 00058.775 00059.108 00059.360 00059.871 00060.306 00060.206 00060.134 00060.316 00058.006 00053.184 00059.702 00066.208 00068.981 00065.767
00039.578 00041.772 00043.801 00045.610 00047.363 00044.197 00041.319 00042.117 00039.323 00034.966 00035.213 00035.383 00034.922 00035.025 00034.971 00034.250 00034.405 00034.678 00034.535 00034.381 00034.306 00034.253 00034.008 00034.073 00033.947 00047.333 00062.465 00068.274 00071.152 00072.626 00073.394 00074.065 00074.697 00075.381 00076.930 00078.814 00049.090 00054.733 00051.496 00051.626 00053.124 00054.301 00055.197 00055.250 00055.585 00056.100 00056.587 00057.136 00057.489 00057.829 00058.081 00058.338 00058.253 00058.175 00058.884 00060.899 00062.497 00051.089 00050.046 00048.817
00037.788 00039.245 00041.002 00042.661 00042.989 00036.008 00030.300 00031.102 00032.976 00033.142 00033.135 00033.181 00033.266 00033.000 00033.347 00033.562 00033.519 00033.434 00033.350 00033.217 00032.570 00032.263 00032.229 00047.450 00060.125 00065.621 00068.534 00070.147 00071.018 00071.479 00071.756 00072.027 00071.788 00072.429 00068.909 00068.140 00066.807 00065.401 00063.602 00061.189 00048.550 00049.428 00051.061 00052.787 00053.620 00053.982 00054.595 00055.240 00055.667 00055.941 00056.004 00056.415 00056.839 00056.884 00056.975 00056.598 00054.414 00049.529 00046.239 00043.285
00030.184 00030.160 00030.893 00031.601 00032.283 00032.176 00032.194 00032.483 00032.058 00031.398 00030.879 00031.279 00031.614 00031.921 00032.051 00032.171 00032.256 00032.229 00032.176 00032.209 00032.237 00049.084 00059.000 00063.829 00066.377 00067.705 00068.420 00068.785 00069.014 00069.112 00069.094 00069.195 00069.319 00069.303 00069.552 00069.867 00070.054 00069.851 00070.670 00071.733 00072.749 00073.851 00057.014 00056.127 00054.998 00053.538 00051.952 00052.280 00052.777 00053.242 00053.652 00054.310 00054.769 00054.825 00049.106 00043.156 00042.948 00044.079 00044.154 00037.065
00027.682 00028.281 00028.784 00029.035 00029.420 00030.515 00031.333 00031.272 00031.005 00030.720 00030.261 00029.825 00030.123 00030.396 00030.641 00030.810 00030.930 00031.108 00034.196 00050.773 00058.045 00061.929 00064.076 00065.285 00065.988 00066.377 00066.830 00066.756 00066.239 00066.400 00066.533 00066.432 00066.856 00067.036 00066.686 00066.417 00066.236 00066.228 00066.668 00066.975 00067.233 00067.441 00067.768 00068.236 00066.248 00062.089 00054.582 00052.906 00051.707 00051.439 00050.622 00045.325 00040.007 00040.588 00040.577 00040.637 00041.552 00042.296 00042.519 00042.430
00026.200 00026.714 00027.233 00027.704 00028.069 00028.477 00029.480 00030.520 00030.362 00030.028 00029.695 00029.279 00028.886 00029.108 00029.410 00029.710 00044.647 00052.749 00056.911 00059.425 00060.894 00061.730 00062.253 00062.638 00063.382 00063.650 00063.667 00063.727 00064.067 00064.195 00064.411 00064.727 00064.803 00064.779 00065.097 00065.226 00065.095 00065.055 00065.304 00065.452 00065.416 00064.807 00064.615 00064.725 00064.910 00065.375 00066.041 00060.086 00049.389 00043.197 00041.367 00039.164 00039.432 00039.380 00039.549 00039.678 00039.737 00039.880 00040.002 00039.994
00029.341 00025.847 00026.374 00026.674 00026.945 00027.146 00027.515 00027.951 00028.404 00028.592 00028.550 00030.144 00039.362 00042.956 00046.604 00050.733 00053.940 00056.150 00057.613 00058.809 00059.813 00060.353 00060.794 00061.126 00060.975 00061.605 00061.709 00061.824 00061.970 00061.977 00061.616 00061.693 00062.006 00062.372 00062.458 00062.782 00063.256 00062.997 00062.902 00063.381 00063.621 00063.441 00063.423 00063.702 00063.962 00060.396 00050.031 00045.403 00045.701 00045.668 00044.780 00043.386 00042.032 00038.213 00038.450 00038.741 00039.239 00039.287 00038.720 00038.406
00031.735 00024.528 00025.111 00025.602 00025.904 00026.311 00026.882 00027.369 00035.309 00042.187 00047.045 00050.270 00051.782 00052.422 00052.057 00051.361 00051.484 00053.129 00054.597 00055.210 00056.190 00057.072 00057.407 00057.966 00058.338 00058.495 00059.332 00060.184 00060.741 00060.902 00060.745 00060.187 00060.067 00059.982 00060.437 00060.647 00060.773 00060.918 00061.119 00061.203 00061.399 00061.578 00061.736 00056.191 00046.354 00044.610 00044.637 00044.434 00044.486 00044.940 00045.148 00045.106 00045.106 00043.779 00042.338 00036.966 00037.486 00037.799 00038.104 00037.682
00034.092 00040.554 00043.689 00040.101 00038.790 00040.804 00042.758 00044.751 00046.280 00047.970 00049.583 00050.860 00052.620 00054.225 00053.572 00052.026 00051.122 00050.832 00050.759 00051.828 00052.823 00053.736 00054.595 00055.235 00055.878 00056.468 00056.933 00056.575 00057.057 00057.756 00058.308 00058.920 00059.153 00059.118 00059.104 00059.047 00059.086 00058.988 00058.938 00059.209 00059.528 00051.549 00043.814 00043.660 00043.499 00043.321 00043.515 00043.525 00043.686 00044.108 00044.014 00043.819 00043.731 00043.888 00043.992 00044.431 00044.123 00037.540 00037.408 00036.697
00061.151 00067.891 00065.197 00064.496 00062.949 00040.780 00042.268 00044.012 00045.036 00045.830 00046.627 00047.529 00048.578 00050.105 00051.424 00052.646 00052.753 00051.483 00050.514 00050.084 00049.356 00049.760 00051.816 00053.190 00053.734 00054.279 00054.766 00055.169 00055.438 00055.693 00056.378 00057.092 00057.692 00057.867 00058.122 00058.245 00057.700 00058.159 00053.604 00045.089 00041.804 00041.301 00041.435 00041.601 00042.003 00041.963 00041.751 00042.320 00042.799 00043.067 00043.270 00043.377 00043.162 00042.930 00042.701 00042.643 00043.006 00042.496 00038.403 00037.204
00076.875 00078.622 00079.271 00079.596 00077.986 00077.572 00078.125 00080.357 00051.249 00044.233 00044.888 00045.685 00046.598 00047.144 00047.706 00048.685 00049.838 00050.688 00051.823 00050.951 00049.209 00048.198 00047.643 00049.123 00050.449 00051.155 00051.605 00052.220 00052.765 00053.244 00053.725 00054.271 00054.816 00055.218 00055.738 00055.190 00048.219 00041.896 00041.529 00041.726 00041.877 00041.788 00041.399 00040.939 00040.782 00041.088 00041.072 00040.850 00040.742 00041.182 00041.600 00041.453 00041.067 00040.756 00040.897 00041.108 00041.071 00040.991 00033.056 00019.779
00066.563 00068.696 00071.165 00072.648 00072.964 00073.143 00074.146 00074.788 00074.728 00072.293 00063.711 00043.361 00044.103 00047.005 00045.409 00046.183 00046.910 00047.716 00048.631 00049.479 00050.332 00050.746 00049.117 00047.477 00046.853 00047.971 00048.815 00049.498 00050.195 00050.896 00050.925 00051.084 00050.339 00045.193 00039.887 00039.990 00040.151 00040.491 00040.819 00040.991 00040.985 00040.726 00040.871 00040.572 00040.468 00040.335 00039.617 00039.271 00039.449 00039.450 00039.390 00039.454 00039.536 00039.478 00039.523 00039.663 00023.579 00020.371 00019.770 00019.256
00059.484 00058.521 00060.384 00062.154 00063.170 00065.677 00067.483 00068.914 00069.610 00069.403 00065.506 00061.924 00055.725 00048.560 00046.783 00045.294 00044.846 00045.685 00046.526 00047.125 00047.481 00048.098 00049.691 00051.204 00050.439 00045.987 00046.426 00047.375 00048.266 00044.969 00040.470 00038.023 00037.848 00037.495 00037.798 00038.387 00038.367 00038.610 00039.225 00039.570 00039.812 00040.044 00039.997 00039.915 00039.972 00039.963 00040.134 00039.914 00039.377 00038.860 00038.530 00038.127 00037.831 00031.035 00019.655 00019.765 00019.574 00019.179 00018.916 00018.728
00062.169 00061.744 00061.488 00060.706 00057.808 00055.737 00057.927 00059.148 00061.624 00063.712 00064.710 00065.044 00065.988 00067.774 00059.188 00056.430 00053.318 00046.471 00044.064 00044.786 00045.536 00046.274 00046.927 00047.674 00048.589 00044.938 00040.589 00034.480 00034.756 00035.961 00037.150 00037.028 00036.689 00036.722 00036.988 00037.228 00037.467 00037.728 00037.974 00038.222 00038.334 00038.255 00038.382 00038.341 00038.753 00038.992 00039.128 00039.026 00038.951 00039.365 00036.164 00019.268 00019.007 00018.854 00018.532 00018.475 00018.547 00018.015 00017.934 00017.633
00062.020 00059.134 00060.185 00060.433 00059.474 00059.934 00060.568 00053.522 00051.988 00054.313 00056.219 00058.509 00060.982 00062.219 00062.786 00063.385 00064.023 00065.034 00064.744 00052.498 00040.167 00037.603 00034.621 00034.837 00035.538 00036.274 00036.925 00035.291 00034.928 00034.679 00035.219 00035.601 00036.449 00036.355 00035.864 00035.900 00036.115 00036.298 00036.446 00036.566 00036.654 00036.728 00036.908 00037.462 00037.734 00037.749 00037.247 00037.101 00022.682 00019.395 00019.084 00018.780 00018.164 00017.891 00017.757 00017.589 00017.355 00017.161 00016.592 00016.718
00025.522 00036.527 00047.906 00055.531 00057.279 00056.260 00061.307 00065.052 00068.340 00055.972 00051.406 00051.008 00053.760 00055.647 00056.523 00057.907 00059.060 00056.655 00048.583 00040.323 00038.816 00037.514 00036.186 00034.760 00033.570 00034.364 00035.170 00035.447 00035.000 00034.844 00034.857 00033.760 00034.504 00034.826 00035.579 00035.490 00034.990 00035.043 00035.248 00035.485 00035.751 00035.949 00036.080 00036.259 00036.442 00026.087 00018.937 00018.752 00018.470 00018.165 00017.734 00017.552 00017.455 00017.370 00016.780 00016.324 00016.356 00016.937 00016.519 00015.846
-0001.000 -0001.000 -0001.000 -0001.000 -0001.000 -0001.000 00027.836 00033.235 00041.790 00046.305 00049.721 00050.465 00051.485 00051.684 00051.323 00045.869 00040.931 00041.269 00041.458 00042.002 00041.650 00040.489 00038.727 00037.256 00035.596 00033.688 00033.513 00033.863 00034.063 00033.987 00033.896 00033.981 00033.894 00033.876 00034.027 00034.626 00035.056 00034.652 00034.062 00034.166 00034.313 00034.455 00024.436 00018.154 00018.180 00018.102 00017.917 00017.684 00017.333 00017.317 00017.186 00016.741 00016.123 00016.008 00016.933 00016.408 00015.947 00015.231 00014.621 00014.088
-0001.000 -0001.000 -0001.000 -0001.000 -0001.000 -0001.000 -0001.000 -0001.000 -0001.000 -0001.000 -0001.000 00027.236 00036.841 00019.327 00025.889 00035.772 00037.654 00038.494 00039.276 00039.928 00040.265 00039.905 00040.547 00040.263 00038.262 00036.614 00034.230 00032.629 00032.937 00033.195 00033.402 00033.374 00033.396 00033.367 00032.644 00033.064 00033.414 00033.810 00029.089 00018.117 00017.945 00017.551 00017.427 00016.969 00016.929 00016.967 00016.886 00016.912 00016.772 00016.231 00015.823 00016.588 00016.226 00015.233 00015.006 00014.840 00014.285 00013.606 00012.931 00012.216
