Flame/ash1_raster.toa
NCOLS 382
NROWS 266
XLLCORNER 157819.328125
YLLCORNER 384678.625000
CELLSIZE 30.000000
NODATA_VALUE -1
[rows 104 to 129 of 266, columns 180 to 239 of 382]
00003.487 00003.456 00003.427 00003.386 00003.339 00003.311 00003.284 00003.262 00003.210 00003.158 00003.100 00003.070 00003.041 00003.022 00003.005 00002.987 00002.964 00002.945 00002.937 00002.937 00002.944 00002.945 00002.941 00002.937 00002.933 00002.901 00002.870 00002.843 00002.823 00002.824 00002.823 00002.823 00002.823 00002.842 00002.864 00002.890 00002.927 00002.933 00002.913 00002.897 00002.887 00002.878 00002.879 00002.885 00002.893 00002.910 00002.959 00003.448 00005.073 00005.968 00007.873 -0001.000 -0001.000 -0001.000 -0001.000 -0001.000 -0001.000 -0001.000 -0001.000 -0001.000
00003.446 00003.409 00003.381 00003.333 00003.283 00003.254 00003.230 00003.212 00003.158 00003.101 00003.048 00003.020 00002.994 00002.981 00002.965 00002.944 00002.917 00002.905 00002.900 00002.907 00002.911 00002.907 00002.903 00002.899 00002.885 00002.852 00002.823 00002.798 00002.793 00002.794 00002.794 00002.793 00002.808 00002.826 00002.847 00002.866 00002.868 00002.859 00002.844 00002.836 00002.829 00002.827 00002.828 00002.830 00002.841 00002.860 00002.878 00003.340 00004.838 00005.836 00007.264 -0001.000 -0001.000 -0001.000 -0001.000 -0001.000 -0001.000 -0001.000 -0001.000 -0001.000
00003.400 00003.366 00003.337 00003.280 00003.230 00003.196 00003.175 00003.154 00003.103 00003.043 00003.002 00002.970 00002.951 00002.940 00002.927 00002.900 00002.876 00002.865 00002.869 00002.876 00002.872 00002.868 00002.864 00002.859 00002.833 00002.802 00002.776 00002.760 00002.764 00002.764 00002.764 00002.775 00002.793 00002.811 00002.841 00002.815 00002.802 00002.789 00002.787 00002.788 00002.788 00002.788 00002.789 00002.796 00002.814 00002.832 00002.867 00003.409 00004.867 00005.913 00007.843 -0001.000 -0001.000 -0001.000 -0001.000 -0001.000 -0001.000 -0001.000 -0001.000 -0001.000
00003.355 00003.323 00003.293 00003.229 00003.181 00003.143 00003.120 00003.094 00003.044 00002.990 00002.955 00002.920 00002.907 00002.897 00002.883 00002.855 00002.838 00002.832 00002.837 00002.836 00002.830 00002.827 00002.823 00002.811 00002.780 00002.752 00002.730 00002.733 00002.734 00002.735 00002.742 00002.760 00002.778 00002.803 00002.784 00002.769 00002.755 00002.750 00002.754 00002.757 00002.757 00002.757 00002.760 00002.777 00002.795 00002.815 00002.877 00003.791 00005.092 00005.685 00006.390 00007.469 00008.766 -0001.000 -0001.000 -0001.000 -0001.000 -0001.000 -0001.000 -0001.000
00003.311 00003.280 00003.239 00003.180 00003.132 00003.096 00003.067 00003.031 00002.985 00002.941 00002.905 00002.881 00002.863 00002.853 00002.836 00002.814 00002.797 00002.800 00002.800 00002.793 00002.787 00002.784 00002.777 00002.754 00002.727 00002.705 00002.700 00002.705 00002.706 00002.709 00002.728 00002.746 00002.767 00002.785 00002.746 00002.731 00002.718 00002.723 00002.728 00002.730 00002.730 00002.729 00002.745 00002.762 00002.779 00002.796 00002.991 00003.575 00004.270 00005.146 00005.689 00006.338 00008.161 -0001.000 -0001.000 -0001.000 -0001.000 -0001.000 -0001.000 -0001.000
00003.264 00003.237 00003.191 00003.131 00003.083 00003.048 00003.014 00002.972 00002.930 00002.891 00002.861 00002.839 00002.824 00002.810 00002.790 00002.769 00002.763 00002.766 00002.758 00002.748 00002.743 00002.736 00002.723 00002.696 00002.677 00002.663 00002.676 00002.677 00002.678 00002.696 00002.714 00002.735 00002.757 00002.732 00002.710 00002.695 00002.695 00002.701 00002.704 00002.703 00002.703 00002.713 00002.730 00002.747 00002.764 00002.783 00002.819 00003.202 00003.685 00004.332 00005.408 00006.583 -0001.000 -0001.000 -0001.000 -0001.000 -0001.000 -0001.000 -0001.000 -0001.000
00003.215 00003.194 00003.143 00003.082 00003.034 00002.999 00002.963 00002.916 00002.874 00002.840 00002.817 00002.799 00002.785 00002.764 00002.744 00002.727 00002.729 00002.725 00002.712 00002.704 00002.698 00002.685 00002.663 00002.644 00002.634 00002.645 00002.647 00002.650 00002.663 00002.683 00002.702 00002.724 00002.732 00002.689 00002.675 00002.668 00002.674 00002.679 00002.678 00002.676 00002.682 00002.698 00002.715 00002.732 00002.751 00002.781 00002.811 00002.888 00003.216 00004.731 00005.815 00007.355 -0001.000 -0001.000 -0001.000 -0001.000 -0001.000 -0001.000 -0001.000 -0001.000
00003.164 00003.158 00003.093 00003.033 00002.986 00002.951 00002.910 00002.862 00002.816 00002.790 00002.771 00002.757 00002.740 00002.719 00002.696 00002.693 00002.695 00002.680 00002.668 00002.663 00002.652 00002.632 00002.610 00002.602 00002.609 00002.616 00002.621 00002.631 00002.651 00002.670 00002.689 00002.704 00002.690 00002.654 00002.642 00002.647 00002.653 00002.652 00002.651 00002.651 00002.667 00002.683 00002.700 00002.719 00002.750 00002.785 00002.834 00002.900 00003.875 00005.349 00006.500 -0001.000 -0001.000 -0001.000 -0001.000 -0001.000 -0001.000 -0001.000 -0001.000 -0001.000
00003.120 00003.093 00003.035 00002.980 00002.935 00002.904 00002.859 00002.808 00002.761 00002.742 00002.725 00002.719 00002.695 00002.674 00002.654 00002.660 00002.651 00002.638 00002.631 00002.625 00002.607 00002.585 00002.569 00002.566 00002.585 00002.591 00002.600 00002.619 00002.638 00002.657 00002.677 00002.675 00002.638 00002.621 00002.619 00002.626 00002.628 00002.625 00002.623 00002.636 00002.652 00002.668 00002.687 00002.719 00002.751 00002.811 00002.890 00003.314 00005.062 00006.243 00008.515 -0001.000 -0001.000 -0001.000 -0001.000 -0001.000 -0001.000 -0001.000 -0001.000 -0001.000
00003.082 00003.030 00002.975 00002.929 00002.882 00002.851 00002.806 00002.751 00002.714 00002.694 00002.684 00002.672 00002.651 00002.623 00002.622 00002.622 00002.610 00002.600 00002.592 00002.580 00002.571 00002.554 00002.546 00002.555 00002.561 00002.569 00002.588 00002.607 00002.626 00002.653 00002.647 00002.652 00002.603 00002.592 00002.599 00002.604 00002.601 00002.596 00002.604 00002.621 00002.637 00002.655 00002.688 00002.720 00002.767 00002.925 00003.866 00005.380 00006.683 -0001.000 -0001.000 -0001.000 -0001.000 -0001.000 -0001.000 -0001.000 -0001.000 -0001.000 -0001.000 -0001.000
00003.048 00002.992 00002.937 00002.882 00002.834 00002.793 00002.747 00002.695 00002.669 00002.651 00002.641 00002.624 00002.599 00002.584 00002.589 00002.579 00002.569 00002.561 00002.554 00002.552 00002.544 00002.533 00002.535 00002.538 00002.541 00002.558 00002.576 00002.595 00002.628 00002.622 00002.628 00002.605 00002.577 00002.577 00002.583 00002.583 00002.576 00002.572 00002.589 00002.605 00002.624 00002.657 00002.690 00002.724 00003.053 00004.569 00005.786 00007.438 -0001.000 -0001.000 -0001.000 -0001.000 -0001.000 -0001.000 -0001.000 -0001.000 -0001.000 -0001.000 -0001.000 -0001.000
00003.023 00002.966 00002.905 00002.841 00002.795 00002.743 00002.697 00002.655 00002.634 00002.616 00002.595 00002.574 00002.558 00002.553 00002.545 00002.536 00002.531 00002.529 00002.529 00002.529 00002.519 00002.513 00002.517 00002.516 00002.532 00002.550 00002.565 00002.595 00002.599 00002.593 00002.606 00002.573 00002.559 00002.565 00002.568 00002.563 00002.552 00002.560 00002.573 00002.592 00002.626 00002.659 00002.694 00002.882 00004.392 00005.736 00007.263 -0001.000 -0001.000 -0001.000 -0001.000 -0001.000 -0001.000 -0001.000 -0001.000 -0001.000 -0001.000 -0001.000 -0001.000 -0001.000
00002.998 00002.940 00002.876 00002.811 00002.757 00002.707 00002.666 00002.626 00002.604 00002.580 00002.560 00002.543 00002.530 00002.520 00002.515 00002.511 00002.507 00002.505 00002.505 00002.502 00002.499 00002.499 00002.497 00002.506 00002.527 00002.544 00002.563 00002.576 00002.567 00002.580 00002.565 00002.540 00002.545 00002.551 00002.551 00002.539 00002.539 00002.548 00002.560 00002.594 00002.628 00002.673 00003.470 00005.120 00006.213 00008.396 -0001.000 -0001.000 -0001.000 -0001.000 -0001.000 -0001.000 -0001.000 -0001.000 -0001.000 -0001.000 -0001.000 -0001.000 -0001.000 -0001.000
00002.973 00002.912 00002.850 00002.784 00002.727 00002.679 00002.637 00002.601 00002.577 00002.553 00002.534 00002.519 00002.507 00002.498 00002.492 00002.488 00002.484 00002.484 00002.484 00002.483 00002.484 00002.482 00002.487 00002.505 00002.523 00002.546 00002.558 00002.551 00002.549 00002.548 00002.528 00002.522 00002.529 00002.533 00002.525 00002.516 00002.524 00002.534 00002.559 00002.597 00002.653 00003.117 00004.631 00005.828 00007.515 -0001.000 -0001.000 -0001.000 -0001.000 -0001.000 -0001.000 -0001.000 -0001.000 -0001.000 -0001.000 -0001.000 -0001.000 -0001.000 -0001.000 -0001.000
00002.947 00002.886 00002.823 00002.759 00002.700 00002.652 00002.610 00002.577 00002.553 00002.530 00002.512 00002.498 00002.485 00002.478 00002.471 00002.467 00002.465 00002.466 00002.466 00002.467 00002.468 00002.470 00002.487 00002.504 00002.529 00002.547 00002.539 00002.532 00002.535 00002.519 00002.501 00002.500 00002.506 00002.508 00002.492 00002.496 00002.505 00002.519 00002.558 00002.635 00003.385 00004.988 00006.194 00008.538 -0001.000 -0001.000 -0001.000 -0001.000 -0001.000 -0001.000 -0001.000 -0001.000 -0001.000 -0001.000 -0001.000 -0001.000 -0001.000 -0001.000 -0001.000 -0001.000
00002.920 00002.874 00002.797 00002.734 00002.672 00002.624 00002.583 00002.552 00002.528 00002.508 00002.491 00002.477 00002.467 00002.460 00002.455 00002.451 00002.451 00002.451 00002.452 00002.454 00002.452 00002.470 00002.486 00002.515 00002.542 00002.527 00002.520 00002.517 00002.511 00002.493 00002.479 00002.472 00002.480 00002.469 00002.465 00002.472 00002.475 00002.471 00002.570 00003.516 00004.762 00005.699 00006.790 -0001.000 -0001.000 -0001.000 -0001.000 -0001.000 -0001.000 -0001.000 -0001.000 -0001.000 -0001.000 -0001.000 -0001.000 -0001.000 -0001.000 -0001.000 -0001.000 -0001.000
00002.888 00002.845 00002.771 00002.709 00002.645 00002.597 00002.556 00002.528 00002.505 00002.485 00002.470 00002.456 00002.449 00002.444 00002.438 00002.437 00002.437 00002.438 00002.440 00002.437 00002.453 00002.473 00002.505 00002.534 00002.519 00002.508 00002.501 00002.502 00002.486 00002.468 00002.452 00002.451 00002.447 00002.435 00002.443 00002.449 00002.445 00002.460 00002.740 00003.598 00004.706 00005.654 00006.695 -0001.000 -0001.000 -0001.000 -0001.000 -0001.000 -0001.000 -0001.000 -0001.000 -0001.000 -0001.000 -0001.000 -0001.000 -0001.000 -0001.000 -0001.000 -0001.000 -0001.000
00002.855 00002.817 00002.744 00002.684 00002.617 00002.570 00002.528 00002.503 00002.482 00002.464 00002.449 00002.439 00002.432 00002.427 00002.424 00002.424 00002.424 00002.428 00002.424 00002.435 00002.457 00002.492 00002.515 00002.516 00002.497 00002.488 00002.485 00002.486 00002.461 00002.443 00002.428 00002.423 00002.412 00002.414 00002.422 00002.420 00002.424 00002.449 00002.784 00003.554 00004.643 00005.611 00006.632 00008.912 -0001.000 -0001.000 -0001.000 -0001.000 -0001.000 -0001.000 -0001.000 00008.305 00007.020 00006.465 00006.362 00006.405 00006.492 00006.934 00008.810 -0001.000
00002.827 00002.790 00002.722 00002.658 00002.589 00002.543 00002.502 00002.480 00002.459 00002.443 00002.428 00002.422 00002.416 00002.411 00002.411 00002.410 00002.416 00002.411 00002.415 00002.437 00002.471 00002.493 00002.506 00002.492 00002.477 00002.469 00002.469 00002.468 00002.437 00002.417 00002.403 00002.391 00002.385 00002.394 00002.396 00002.394 00002.410 00002.427 00002.737 00003.500 00004.555 00005.566 00006.570 00008.797 -0001.000 -0001.000 -0001.000 -0001.000 -0001.000 00008.749 00005.926 00005.555 00005.096 00004.920 00004.911 00004.866 00004.823 00005.062 00005.696 00007.401
00002.797 00002.760 00002.703 00002.631 00002.564 00002.516 00002.478 00002.456 00002.437 00002.422 00002.411 00002.404 00002.399 00002.397 00002.397 00002.396 00002.400 00002.396 00002.413 00002.439 00002.462 00002.480 00002.486 00002.465 00002.454 00002.450 00002.449 00002.447 00002.411 00002.389 00002.374 00002.356 00002.365 00002.373 00002.367 00002.380 00002.396 00002.413 00002.680 00003.436 00004.466 00005.628 00006.870 -0001.000 00008.983 00008.717 00008.085 00006.708 00005.546 00004.403 00004.241 00004.000 00003.898 00003.930 00003.969 00003.957 00003.903 00003.778 00003.922 00005.526
00002.758 00002.723 00002.684 00002.605 00002.539 00002.488 00002.455 00002.434 00002.416 00002.401 00002.394 00002.388 00002.384 00002.383 00002.383 00002.388 00002.382 00002.391 00002.410 00002.432 00002.450 00002.470 00002.453 00002.439 00002.431 00002.427 00002.424 00002.407 00002.379 00002.354 00002.338 00002.336 00002.347 00002.343 00002.350 00002.365 00002.381 00002.412 00002.622 00003.602 00005.109 00006.053 00007.984 00006.683 00006.195 00005.539 00004.644 00003.898 00003.813 00003.758 00003.714 00003.623 00003.601 00003.641 00003.708 00003.630 00003.496 00003.388 00003.417 00003.452
00002.717 00002.686 00002.661 00002.577 00002.514 00002.460 00002.431 00002.411 00002.395 00002.383 00002.376 00002.371 00002.370 00002.370 00002.376 00002.370 00002.374 00002.385 00002.402 00002.422 00002.435 00002.435 00002.422 00002.410 00002.403 00002.398 00002.398 00002.368 00002.337 00002.320 00002.308 00002.318 00002.320 00002.320 00002.334 00002.350 00002.371 00002.415 00002.975 00004.203 00005.542 00006.751 00005.699 00004.657 00004.240 00003.686 00003.559 00003.538 00003.517 00003.495 00003.440 00003.370 00003.405 00003.455 00003.369 00003.303 00003.105 00003.055 00003.047 00003.037
00002.676 00002.646 00002.625 00002.543 00002.486 00002.431 00002.408 00002.389 00002.374 00002.366 00002.360 00002.356 00002.356 00002.356 00002.358 00002.358 00002.369 00002.380 00002.395 00002.403 00002.413 00002.401 00002.387 00002.379 00002.375 00002.373 00002.366 00002.327 00002.302 00002.285 00002.290 00002.297 00002.290 00002.305 00002.320 00002.333 00002.352 00002.439 00003.499 00005.019 00005.888 00004.846 00003.915 00003.739 00003.548 00003.375 00003.304 00003.290 00003.278 00003.277 00003.215 00003.208 00003.246 00003.278 00003.137 00003.001 00002.814 00002.780 00002.739 00002.745
00002.634 00002.611 00002.593 00002.509 00002.454 00002.405 00002.385 00002.368 00002.355 00002.349 00002.342 00002.342 00002.342 00002.347 00002.341 00002.352 00002.364 00002.375 00002.374 00002.391 00002.378 00002.366 00002.356 00002.352 00002.348 00002.347 00002.318 00002.287 00002.267 00002.261 00002.272 00002.265 00002.276 00002.291 00002.304 00002.317 00002.331 00002.614 00003.512 00005.087 00004.428 00003.615 00003.509 00003.394 00003.227 00003.034 00003.042 00003.049 00003.074 00003.059 00003.017 00003.056 00003.090 00002.986 00002.928 00002.697 00002.622 00002.618 00002.627 00002.650
00002.591 00002.575 00002.530 00002.473 00002.416 00002.382 00002.363 00002.347 00002.338 00002.331 00002.328 00002.329 00002.335 00002.328 00002.335 00002.347 00002.358 00002.359 00002.363 00002.359 00002.342 00002.332 00002.327 00002.324 00002.323 00002.316 00002.277 00002.252 00002.242 00002.248 00002.246 00002.245 00002.261 00002.276 00002.287 00002.299 00002.345 00002.629 00003.640 00004.014 00003.499 00003.341 00003.234 00003.096 00002.892 00002.821 00002.847 00002.877 00002.909 00002.870 00002.887 00002.917 00002.937 00002.775 00002.653 00002.562 00002.572 00002.586 00002.605 00002.626
00002.555 00002.541 00002.481 00002.432 00002.385 00002.359 00002.341 00002.327 00002.320 00002.315 00002.315 00002.324 00002.316 00002.318 00002.330 00002.342 00002.346 00002.345 00002.350 00002.319 00002.309 00002.300 00002.298 00002.297 00002.297 00002.270 00002.245 00002.232 00002.232 00002.236 00002.222 00002.232 00002.248 00002.259 00002.270 00002.301 00002.336 00002.711 00003.673 00003.323 00003.153 00003.094 00002.941 00002.780 00002.705 00002.699 00002.685 00002.743 00002.731 00002.726 00002.764 00002.773 00002.665 00002.577 00002.532 00002.537 00002.546 00002.563 00002.582 00002.603
