Flame/ash1_raster.fli
NCOLS 382
NROWS 266
XLLCORNER 157819.328125
YLLCORNER 384678.625000
CELLSIZE 30.000000
NODATA_VALUE -1
[rows 156 to 181 of 266, columns 300 to 359 of 382]
00146.898 00004.094 00002.695 00002.224 00002.712 00002.892 00001.317 00001.243 -0001.000 -0001.000 -0001.000 -0001.000 -0001.000 -0001.000 -0001.000 -0001.000 -0001.000 -0001.000 -0001.000 -0001.000 -0001.000 -0001.000 -0001.000 -0001.000 -0001.000 -0001.000 -0001.000 -0001.000 -0001.000 -0001.000 -0001.000 -0001.000 -0001.000 -0001.000 -0001.000 00009.561 00045.297 00080.466 -0001.000 -0001.000 -0001.000 -0001.000 -0001.000 -0001.000 -0001.000 -0001.000 -0001.000 -0001.000 -0001.000 -0001.000 -0001.000 -0001.000 -0001.000 -0001.000 -0001.000 -0001.000 -0001.000 -0001.000 -0001.000 -0001.000
00002.853 00002.583 00002.325 -0001.000 -0001.000 -0001.000 -0001.000 -0001.000 -0001.000 -0001.000 -0001.000 -0001.000 -0001.000 -0001.000 -0001.000 -0001.000 -0001.000 -0001.000 -0001.000 -0001.000 -0001.000 -0001.000 -0001.000 -0001.000 -0001.000 -0001.000 -0001.000 -0001.000 -0001.000 -0001.000 00001.361 00001.299 00037.055 00082.256 00104.961 00105.407 00102.679 00063.367 -0001.000 -0001.000 -0001.000 -0001.000 -0001.000 -0001.000 -0001.000 -0001.000 -0001.000 -0001.000 -0001.000 -0001.000 -0001.000 -0001.000 -0001.000 -0001.000 -0001.000 -0001.000 -0001.000 -0001.000 -0001.000 -0001.000
00000.844 -0001.000 -0001.000 -0001.000 -0001.000 -0001.000 -0001.000 -0001.000 -0001.000 -0001.000 -0001.000 -0001.000 -0001.000 -0001.000 -0001.000 -0001.000 -0001.000 -0001.000 -0001.000 -0001.000 -0001.000 -0001.000 -0001.000 -0001.000 -0001.000 -0001.000 -0001.000 -0001.000 -0001.000 00025.672 00033.561 00036.451 00038.769 00038.976 00039.019 00038.251 00061.958 00046.941 -0001.000 -0001.000 -0001.000 -0001.000 -0001.000 -0001.000 -0001.000 -0001.000 -0001.000 -0001.000 -0001.000 -0001.000 -0001.000 -0001.000 -0001.000 -0001.000 -0001.000 -0001.000 -0001.000 -0001.000 -0001.000 -0001.000
-0001.000 -0001.000 -0001.000 -0001.000 -0001.000 -0001.000 -0001.000 -0001.000 -0001.000 -0001.000 -0001.000 -0001.000 -0001.000 -0001.000 -0001.000 -0001.000 -0001.000 -0001.000 -0001.000 -0001.000 -0001.000 -0001.000 -0001.000 -0001.000 -0001.000 -0001.000 -0001.000 00001.237 00008.295 00098.650 00110.117 00118.143 00046.753 00046.236 00044.761 00043.549 00044.352 00039.724 -0001.000 -0001.000 -0001.000 -0001.000 -0001.000 -0001.000 -0001.000 -0001.000 -0001.000 -0001.000 -0001.000 -0001.000 -0001.000 -0001.000 -0001.000 -0001.000 -0001.000 -0001.000 -0001.000 -0001.000 -0001.000 -0001.000
-0001.000 -0001.000 -0001.000 -0001.000 -0001.000 -0001.000 -0001.000 -0001.000 -0001.000 -0001.000 -0001.000 -0001.000 -0001.000 -0001.000 -0001.000 -0001.000 -0001.000 -0001.000 -0001.000 -0001.000 -0001.000 -0001.000 -0001.000 -0001.000 -0001.000 -0001.000 00001.217 00133.363 00137.922 00159.843 00157.339 00145.360 00143.971 00136.644 00082.760 00048.560 00044.930 00032.850 00051.235 00048.384 -0001.000 -0001.000 -0001.000 -0001.000 -0001.000 -0001.000 -0001.000 -0001.000 -0001.000 -0001.000 -0001.000 -0001.000 -0001.000 -0001.000 -0001.000 -0001.000 -0001.000 -0001.000 -0001.000 -0001.000
-0001.000 -0001.000 -0001.000 -0001.000 -0001.000 -0001.000 -0001.000 -0001.000 -0001.000 -0001.000 -0001.000 -0001.000 -0001.000 -0001.000 -0001.000 -0001.000 -0001.000 -0001.000 -0001.000 -0001.000 -0001.000 -0001.000 -0001.000 -0001.000 -0001.000 00000.536 00121.068 00131.420 00140.323 00146.451 00155.804 00145.699 00143.306 00165.997 00178.209 00195.209 00209.107 00065.142 00042.611 00060.428 -0001.000 -0001.000 -0001.000 -0001.000 -0001.000 -0001.000 -0001.000 -0001.000 -0001.000 -0001.000 -0001.000 -0001.000 -0001.000 -0001.000 -0001.000 -0001.000 -0001.000 -0001.000 -0001.000 -0001.000
-0001.000 -0001.000 -0001.000 -0001.000 -0001.000 -0001.000 -0001.000 -0001.000 -0001.000 -0001.000 -0001.000 -0001.000 -0001.000 -0001.000 -0001.000 -0001.000 -0001.000 -0001.000 -0001.000 -0001.000 -0001.000 -0001.000 -0001.000 -0001.000 00000.993 00117.570 00134.776 00149.450 00169.286 00183.658 00197.434 00206.660 00219.814 00219.113 00227.604 00218.294 00222.714 00114.457 00044.876 00056.558 00057.066 -0001.000 -0001.000 -0001.000 -0001.000 -0001.000 -0001.000 -0001.000 -0001.000 -0001.000 -0001.000 -0001.000 -0001.000 -0001.000 -0001.000 -0001.000 -0001.000 -0001.000 -0001.000 -0001.000
-0001.000 -0001.000 -0001.000 -0001.000 -0001.000 -0001.000 -0001.000 -0001.000 -0001.000 -0001.000 -0001.000 -0001.000 -0001.000 -0001.000 -0001.000 -0001.000 -0001.000 -0001.000 -0001.000 -0001.000 -0001.000 -0001.000 -0001.000 00001.045 00082.217 00161.711 00188.003 00203.899 00225.778 00235.211 00228.996 00223.880 00222.708 00224.491 00230.339 00229.560 00231.835 00208.657 00053.418 00048.515 00061.578 -0001.000 -0001.000 -0001.000 -0001.000 -0001.000 -0001.000 -0001.000 -0001.000 -0001.000 -0001.000 -0001.000 -0001.000 -0001.000 -0001.000 -0001.000 -0001.000 -0001.000 -0001.000 -0001.000
00001.306 -0001.000 -0001.000 -0001.000 -0001.000 00000.782 00000.704 00000.724 -0001.000 -0001.000 -0001.000 -0001.000 -0001.000 -0001.000 -0001.000 -0001.000 -0001.000 -0001.000 -0001.000 -0001.000 -0001.000 -0001.000 00000.616 00031.139 00268.835 00263.609 00253.559 00242.629 00243.246 00246.786 00240.290 00232.604 00226.600 00228.752 00231.371 00232.840 00233.389 00236.701 00089.972 00044.807 00052.793 -0001.000 -0001.000 -0001.000 -0001.000 -0001.000 -0001.000 -0001.000 -0001.000 -0001.000 -0001.000 -0001.000 -0001.000 -0001.000 -0001.000 -0001.000 -0001.000 -0001.000 -0001.000 -0001.000
00003.986 00002.084 00001.059 00000.888 00076.499 00124.400 00177.129 00053.125 00001.861 00000.812 00000.782 00000.751 00001.292 00001.936 00001.840 00001.728 00001.576 00001.538 00001.581 00001.611 00001.684 00045.209 00210.594 00489.208 00293.456 00262.182 00255.060 00252.415 00257.018 00253.747 00247.506 00240.878 00232.847 00228.629 00229.986 00230.863 00230.107 00231.481 00093.888 00062.165 00037.232 -0001.000 -0001.000 -0001.000 -0001.000 -0001.000 -0001.000 -0001.000 -0001.000 -0001.000 -0001.000 -0001.000 -0001.000 -0001.000 -0001.000 -0001.000 -0001.000 -0001.000 -0001.000 -0001.000
00421.625 00123.032 00318.183 00366.222 00183.968 00250.805 00337.314 00358.251 00372.279 00121.415 00163.459 00347.116 00407.760 00443.135 00447.076 00058.518 00251.593 00364.587 00396.531 00416.234 00352.224 00471.175 00474.810 00418.244 00276.216 00263.065 00256.802 00254.476 00254.445 00251.875 00248.201 00244.689 00240.458 00235.892 00235.068 00234.736 00233.591 00232.891 00098.039 00086.130 00068.380 -0001.000 -0001.000 -0001.000 -0001.000 -0001.000 -0001.000 -0001.000 -0001.000 -0001.000 -0001.000 -0001.000 -0001.000 -0001.000 -0001.000 -0001.000 -0001.000 -0001.000 -0001.000 -0001.000
00430.603 00385.566 00436.834 00435.424 00436.024 00429.176 00420.405 00435.906 00439.501 00438.916 00435.360 00435.415 00434.406 00435.258 00440.064 00291.569 00276.483 00402.684 00454.580 00457.644 00452.089 00442.816 00419.865 00357.049 00263.117 00260.849 00254.808 00252.481 00250.359 00247.917 00245.599 00243.617 00242.407 00241.264 00240.539 00239.480 00237.613 00234.814 00101.012 00094.447 00086.844 00015.419 00000.742 -0001.000 -0001.000 -0001.000 -0001.000 -0001.000 -0001.000 -0001.000 -0001.000 -0001.000 -0001.000 -0001.000 -0001.000 -0001.000 -0001.000 -0001.000 -0001.000 -0001.000
00443.027 00454.579 00454.532 00455.361 00453.440 00450.076 00445.297 00442.625 00437.447 00432.730 00429.522 00428.323 00426.796 00428.022 00433.024 00430.716 00429.869 00429.610 00427.621 00424.280 00423.862 00400.734 00401.057 00316.860 00255.335 00252.397 00250.500 00249.468 00246.756 00244.053 00242.132 00240.714 00240.226 00240.936 00240.835 00236.327 00232.799 00227.845 00105.536 00099.856 00096.699 00082.679 00053.195 00050.696 -0001.000 -0001.000 -0001.000 -0001.000 -0001.000 -0001.000 -0001.000 -0001.000 -0001.000 -0001.000 -0001.000 -0001.000 -0001.000 -0001.000 -0001.000 -0001.000
00430.230 00440.378 00439.934 00437.850 00434.956 00431.444 00426.176 00426.138 00425.268 00421.306 00417.020 00411.266 00406.307 00399.628 00396.848 00394.429 00393.094 00392.497 00392.748 00392.444 00393.101 00392.539 00386.721 00276.994 00247.429 00246.420 00246.500 00247.252 00243.823 00241.079 00239.475 00238.416 00238.060 00239.688 00240.605 00235.466 00231.619 00166.586 00108.951 00103.887 00100.604 00097.024 00093.158 00076.080 -0001.000 -0001.000 -0001.000 -0001.000 -0001.000 -0001.000 -0001.000 -0001.000 -0001.000 -0001.000 -0001.000 -0001.000 -0001.000 -0001.000 -0001.000 -0001.000
00388.054 00393.992 00396.182 00395.069 00392.292 00393.188 00396.459 00398.627 00396.381 00396.034 00390.929 00381.653 00377.691 00370.601 00371.124 00372.385 00375.279 00377.319 00381.460 00385.514 00388.354 00386.225 00332.866 00251.702 00247.092 00244.993 00246.843 00248.142 00243.007 00239.030 00237.881 00236.117 00235.120 00236.129 00238.457 00233.646 00230.546 00122.987 00109.405 00105.745 00106.166 00101.555 00092.960 00035.740 -0001.000 -0001.000 -0001.000 -0001.000 -0001.000 -0001.000 -0001.000 -0001.000 -0001.000 -0001.000 -0001.000 -0001.000 -0001.000 -0001.000 -0001.000 -0001.000
00336.833 00346.879 00352.019 00353.462 00356.932 00363.535 00367.849 00370.466 00371.111 00373.253 00360.107 00355.096 00350.820 00353.481 00356.779 00361.453 00365.656 00367.170 00376.299 00383.432 00383.420 00376.339 00285.188 00245.973 00243.739 00244.476 00248.079 00249.837 00244.222 00237.645 00236.090 00233.419 00229.632 00229.324 00228.987 00227.757 00221.210 00121.206 00110.401 00108.351 00109.443 00104.040 00088.457 -0001.000 -0001.000 -0001.000 -0001.000 -0001.000 -0001.000 -0001.000 -0001.000 -0001.000 -0001.000 -0001.000 -0001.000 -0001.000 -0001.000 -0001.000 -0001.000 -0001.000
00313.599 00319.527 00322.048 00324.172 00328.577 00335.594 00344.511 00346.639 00352.545 00352.441 00352.730 00345.982 00349.947 00351.835 00355.960 00363.651 00368.425 00374.290 00378.759 00377.063 00370.609 00321.247 00254.644 00243.348 00239.015 00241.999 00246.807 00245.132 00235.211 00229.211 00225.776 00222.613 00220.059 00220.493 00216.975 00218.430 00147.686 00120.470 00118.926 00115.306 00109.083 00105.298 00001.101 -0001.000 -0001.000 -0001.000 -0001.000 -0001.000 -0001.000 -0001.000 -0001.000 -0001.000 -0001.000 -0001.000 -0001.000 -0001.000 -0001.000 -0001.000 -0001.000 -0001.000
00352.951 00340.592 00347.814 00353.453 00356.102 00361.079 00362.894 00364.777 00364.003 00368.473 00360.190 00355.610 00348.367 00351.087 00359.909 00370.267 00375.030 00377.120 00370.427 00360.534 00327.956 00255.747 00247.358 00242.617 00237.601 00236.380 00241.115 00231.861 00221.350 00216.639 00213.417 00210.561 00209.304 00206.396 00204.817 00193.929 00134.196 00125.279 00132.044 00113.770 00102.884 00055.081 -0001.000 -0001.000 -0001.000 -0001.000 -0001.000 -0001.000 -0001.000 -0001.000 -0001.000 -0001.000 -0001.000 -0001.000 -0001.000 -0001.000 -0001.000 -0001.000 -0001.000 -0001.000
00341.491 00343.411 00348.049 00346.494 00346.752 00348.809 00353.413 00361.412 00368.460 00366.410 00360.101 00357.925 00361.286 00359.993 00361.648 00354.555 00360.623 00353.575 00342.205 00323.999 00265.556 00250.163 00251.048 00236.875 00227.347 00227.605 00231.682 00227.070 00217.117 00206.771 00201.748 00197.589 00195.806 00193.698 00193.393 00118.289 00128.589 00138.965 00131.049 00097.992 00097.783 00041.254 00027.598 00054.510 -0001.000 -0001.000 -0001.000 -0001.000 -0001.000 -0001.000 -0001.000 -0001.000 -0001.000 -0001.000 -0001.000 -0001.000 -0001.000 -0001.000 -0001.000 -0001.000
00343.958 00342.879 00336.076 00339.824 00344.173 00350.166 00354.025 00357.852 00357.585 00349.826 00349.473 00349.715 00346.233 00335.129 00321.604 00318.524 00313.232 00308.267 00292.592 00236.486 00228.159 00237.249 00232.752 00230.956 00224.157 00216.240 00222.567 00216.716 00195.578 00190.220 00184.429 00184.468 00181.960 00181.579 00100.385 00106.954 00122.556 00128.006 00111.722 00097.117 00096.188 00099.701 00063.238 00070.430 00013.368 -0001.000 -0001.000 -0001.000 -0001.000 -0001.000 -0001.000 -0001.000 -0001.000 -0001.000 -0001.000 -0001.000 -0001.000 -0001.000 -0001.000 -0001.000
00336.789 00349.776 00366.973 00362.764 00357.176 00352.320 00353.834 00356.521 00357.267 00362.665 00363.903 00349.489 00341.469 00334.820 00328.765 00321.738 00315.039 00292.530 00231.512 00222.747 00194.104 00202.092 00210.598 00218.013 00218.115 00209.826 00203.980 00181.717 00175.778 00171.672 00172.133 00169.912 00169.278 00088.860 00084.160 00096.729 00101.468 00098.228 00089.341 00094.571 00105.255 00073.062 00058.849 00058.043 00049.135 -0001.000 -0001.000 -0001.000 -0001.000 -0001.000 -0001.000 -0001.000 -0001.000 -0001.000 -0001.000 -0001.000 -0001.000 -0001.000 -0001.000 -0001.000
00326.771 00331.089 00329.690 00326.726 00324.956 00322.815 00321.978 00323.399 00325.755 00321.029 00319.231 00308.109 00302.088 00316.255 00312.502 00298.297 00408.958 00210.837 00239.498 00245.904 00247.979 00246.291 00237.725 00202.353 00205.955 00194.757 00173.355 00176.155 00178.553 00179.926 00180.327 00182.726 00084.192 00081.101 00084.043 00079.286 00073.341 00074.080 00083.509 00099.381 00123.799 00047.652 00046.817 00050.675 00046.427 -0001.000 -0001.000 -0001.000 -0001.000 -0001.000 -0001.000 -0001.000 -0001.000 -0001.000 -0001.000 -0001.000 -0001.000 -0001.000 -0001.000 -0001.000
00287.287 00289.959 00309.760 00315.876 00293.199 00273.220 00338.515 00440.284 00468.193 00444.711 00429.818 00413.068 00357.359 00375.645 00380.903 00381.840 00394.393 00288.037 00240.211 00238.262 00236.685 00235.686 00235.185 00235.668 00235.928 00226.484 00196.293 00199.877 00195.516 00196.580 00197.193 00127.095 00091.775 00094.575 00088.019 00080.225 00070.789 00060.879 00053.189 00039.251 00039.366 00042.174 00041.503 00045.333 -0001.000 -0001.000 -0001.000 -0001.000 -0001.000 -0001.000 -0001.000 -0001.000 -0001.000 -0001.000 -0001.000 -0001.000 -0001.000 -0001.000 -0001.000 -0001.000
00325.875 00322.554 00325.202 00290.234 00172.194 00157.591 00323.225 00347.402 00392.946 00378.554 00371.039 00365.610 00354.024 00343.806 00337.653 00314.924 00248.450 00213.244 00211.856 00209.898 00209.672 00203.743 00199.931 00198.305 00196.091 00192.412 00179.302 00173.600 00175.233 00173.091 00126.292 00089.120 00091.665 00087.109 00080.306 00078.340 00072.660 00068.667 00054.836 00040.126 00034.206 00032.392 -0001.000 -0001.000 -0001.000 -0001.000 -0001.000 -0001.000 -0001.000 -0001.000 -0001.000 -0001.000 -0001.000 -0001.000 -0001.000 -0001.000 -0001.000 -0001.000 -0001.000 -0001.000
00336.849 00340.283 00334.429 00113.321 00136.628 00145.121 00184.862 00242.212 00329.488 00326.044 00318.346 00306.001 00295.128 00292.272 00282.669 00210.706 00193.117 00188.067 00187.057 00183.648 00172.934 00169.719 00162.482 00156.522 00155.099 00154.894 00157.420 00159.307 00159.193 00110.458 00089.625 00088.556 00085.828 00016.474 00004.193 00018.801 00044.801 00057.683 00007.847 -0001.000 -0001.000 -0001.000 -0001.000 -0001.000 -0001.000 -0001.000 -0001.000 -0001.000 -0001.000 -0001.000 -0001.000 -0001.000 -0001.000 -0001.000 -0001.000 -0001.000 -0001.000 -0001.000 -0001.000 -0001.000
00322.666 00302.886 00118.458 00119.391 00128.049 00131.403 00193.033 00287.467 00283.166 00273.529 00276.858 00282.699 00293.224 00305.656 00240.643 00208.266 00207.072 00204.815 00202.370 00200.994 00181.060 00177.079 00172.233 00171.597 00171.114 00173.192 00178.317 00170.926 00108.599 00103.940 00082.902 00037.483 -0001.000 -0001.000 -0001.000 -0001.000 -0001.000 -0001.000 -0001.000 -0001.000 -0001.000 -0001.000 -0001.000 -0001.000 -0001.000 -0001.000 -0001.000 -0001.000 -0001.000 -0001.000 -0001.000 -0001.000 -0001.000 -0001.000 -0001.000 -0001.000 -0001.000 -0001.000 -0001.000 -0001.000
