Flame/ash1_raster.toa
NCOLS 382
NROWS 266
XLLCORNER 157819.328125
YLLCORNER 384678.625000
CELLSIZE 30.000000
NODATA_VALUE -1
[rows 182 to 207 of 266, columns 240 to 299 of 382]
00002.831 00002.870 00002.909 00002.948 00002.987 00003.031 00003.076 00003.121 00003.167 00003.212 00003.256 00003.300 00003.345 00003.390 00003.434 00003.477 00003.519 00003.560 00003.600 00003.640 00003.680 00003.721 00003.751 00003.769 00003.788 00003.809 00003.841 00003.874 00003.905 00003.937 00003.972 00004.015 00004.067 00004.120 00004.173 00004.227 00004.286 00004.346 00004.408 00004.470 00004.533 00004.597 00004.662 00004.726 00004.789 00004.852 00004.913 00004.964 00005.009 00005.044 00005.078 00005.120 00005.168 00005.207 00005.242 00005.275 00005.307 00005.339 00005.374 00005.418
00002.906 00002.943 00002.981 00003.021 00003.064 00003.107 00003.152 00003.197 00003.242 00003.288 00003.334 00003.380 00003.427 00003.475 00003.523 00003.569 00003.612 00003.653 00003.692 00003.731 00003.771 00003.810 00003.850 00003.889 00003.907 00003.924 00003.942 00003.976 00004.013 00004.058 00004.104 00004.152 00004.202 00004.256 00004.311 00004.366 00004.421 00004.477 00004.539 00004.602 00004.665 00004.727 00004.791 00004.859 00004.927 00004.996 00005.044 00005.079 00005.111 00005.140 00005.173 00005.204 00005.232 00005.260 00005.287 00005.316 00005.345 00005.374 00005.415 00005.458
00002.981 00003.022 00003.065 00003.108 00003.151 00003.194 00003.237 00003.280 00003.324 00003.367 00003.410 00003.456 00003.504 00003.552 00003.599 00003.647 00003.694 00003.742 00003.790 00003.837 00003.870 00003.907 00003.946 00003.984 00004.042 00004.065 00004.087 00004.110 00004.155 00004.201 00004.248 00004.297 00004.347 00004.399 00004.454 00004.510 00004.566 00004.623 00004.680 00004.739 00004.801 00004.865 00004.928 00004.991 00005.041 00005.079 00005.114 00005.147 00005.179 00005.210 00005.239 00005.266 00005.289 00005.312 00005.336 00005.361 00005.389 00005.419 00005.451 00005.487
00003.067 00003.109 00003.151 00003.195 00003.238 00003.280 00003.324 00003.367 00003.411 00003.455 00003.499 00003.543 00003.589 00003.634 00003.680 00003.726 00003.773 00003.822 00003.869 00003.917 00003.963 00004.014 00004.061 00004.111 00004.161 00004.211 00004.251 00004.276 00004.301 00004.348 00004.396 00004.445 00004.496 00004.549 00004.603 00004.657 00004.714 00004.772 00004.831 00004.888 00004.944 00005.001 00005.046 00005.082 00005.116 00005.148 00005.180 00005.211 00005.242 00005.273 00005.301 00005.326 00005.349 00005.371 00005.394 00005.419 00005.444 00005.472 00005.501 00005.533
00003.165 00003.207 00003.248 00003.288 00003.327 00003.369 00003.412 00003.456 00003.499 00003.543 00003.587 00003.632 00003.678 00003.724 00003.770 00003.816 00003.862 00003.909 00003.955 00004.001 00004.061 00004.126 00004.190 00004.253 00004.304 00004.353 00004.403 00004.445 00004.472 00004.500 00004.548 00004.598 00004.648 00004.698 00004.752 00004.807 00004.863 00004.921 00004.981 00005.033 00005.069 00005.100 00005.129 00005.158 00005.187 00005.216 00005.246 00005.277 00005.308 00005.338 00005.366 00005.393 00005.418 00005.439 00005.459 00005.479 00005.499 00005.521 00005.550 00005.580
00003.295 00003.313 00003.352 00003.391 00003.429 00003.468 00003.507 00003.545 00003.589 00003.633 00003.677 00003.721 00003.767 00003.812 00003.859 00003.905 00003.952 00003.999 00004.060 00004.122 00004.184 00004.247 00004.311 00004.376 00004.441 00004.506 00004.551 00004.602 00004.647 00004.677 00004.706 00004.753 00004.804 00004.855 00004.905 00004.959 00005.012 00005.052 00005.085 00005.116 00005.146 00005.176 00005.206 00005.236 00005.266 00005.294 00005.323 00005.352 00005.380 00005.409 00005.437 00005.464 00005.488 00005.510 00005.530 00005.548 00005.565 00005.587 00005.612 00005.639
00003.408 00003.454 00003.465 00003.502 00003.539 00003.575 00003.612 00003.650 00003.688 00003.726 00003.768 00003.813 00003.858 00003.904 00003.950 00003.996 00004.056 00004.118 00004.182 00004.246 00004.309 00004.374 00004.438 00004.504 00004.569 00004.635 00004.702 00004.761 00004.807 00004.854 00004.885 00004.916 00004.963 00005.011 00005.048 00005.080 00005.109 00005.137 00005.166 00005.195 00005.223 00005.251 00005.280 00005.308 00005.337 00005.367 00005.398 00005.428 00005.459 00005.489 00005.517 00005.544 00005.570 00005.595 00005.612 00005.625 00005.637 00005.656 00005.676 00005.699
00003.510 00003.555 00003.599 00003.644 00003.654 00003.690 00003.725 00003.759 00003.796 00003.833 00003.872 00003.911 00003.951 00003.997 00004.057 00004.119 00004.181 00004.243 00004.305 00004.368 00004.434 00004.500 00004.568 00004.634 00004.700 00004.767 00004.835 00004.903 00004.974 00005.013 00005.049 00005.071 00005.093 00005.114 00005.141 00005.168 00005.194 00005.221 00005.247 00005.274 00005.302 00005.329 00005.357 00005.386 00005.415 00005.444 00005.473 00005.503 00005.533 00005.562 00005.593 00005.623 00005.653 00005.679 00005.698 00005.714 00005.727 00005.736 00005.745 00005.760
00003.621 00003.658 00003.703 00003.749 00003.794 00003.811 00003.844 00003.876 00003.908 00003.941 00003.980 00004.026 00004.078 00004.131 00004.186 00004.248 00004.310 00004.372 00004.434 00004.497 00004.560 00004.625 00004.693 00004.763 00004.832 00004.901 00004.969 00005.029 00005.069 00005.103 00005.136 00005.168 00005.196 00005.218 00005.238 00005.257 00005.280 00005.306 00005.333 00005.359 00005.385 00005.412 00005.439 00005.467 00005.495 00005.523 00005.552 00005.581 00005.611 00005.640 00005.670 00005.699 00005.729 00005.758 00005.787 00005.809 00005.818 00005.826 00005.835 00005.848
00003.764 00003.784 00003.808 00003.853 00003.898 00003.945 00003.968 00003.998 00004.034 00004.075 00004.117 00004.166 00004.220 00004.274 00004.330 00004.387 00004.446 00004.508 00004.570 00004.633 00004.696 00004.761 00004.826 00004.891 00004.961 00005.024 00005.066 00005.102 00005.135 00005.167 00005.199 00005.231 00005.263 00005.296 00005.328 00005.362 00005.382 00005.402 00005.421 00005.447 00005.474 00005.500 00005.525 00005.551 00005.578 00005.606 00005.634 00005.662 00005.690 00005.718 00005.748 00005.778 00005.808 00005.838 00005.868 00005.894 00005.919 00005.929 00005.936 00005.943
00003.906 00003.924 00003.945 00003.967 00004.006 00004.065 00004.123 00004.159 00004.194 00004.228 00004.271 00004.316 00004.364 00004.420 00004.476 00004.533 00004.591 00004.649 00004.709 00004.773 00004.837 00004.903 00004.970 00005.028 00005.068 00005.102 00005.134 00005.166 00005.197 00005.227 00005.258 00005.289 00005.322 00005.354 00005.387 00005.420 00005.453 00005.487 00005.521 00005.555 00005.565 00005.590 00005.616 00005.641 00005.667 00005.694 00005.720 00005.747 00005.775 00005.803 00005.831 00005.859 00005.887 00005.916 00005.947 00005.977 00006.009 00006.040 00006.053 00006.062
00004.065 00004.082 00004.106 00004.135 00004.164 00004.205 00004.266 00004.325 00004.364 00004.396 00004.428 00004.475 00004.521 00004.568 00004.624 00004.681 00004.739 00004.798 00004.857 00004.917 00004.979 00005.035 00005.073 00005.107 00005.140 00005.172 00005.203 00005.234 00005.265 00005.296 00005.326 00005.357 00005.389 00005.420 00005.452 00005.483 00005.515 00005.547 00005.579 00005.612 00005.644 00005.677 00005.710 00005.737 00005.761 00005.785 00005.809 00005.836 00005.863 00005.891 00005.918 00005.946 00005.974 00006.002 00006.039 00006.077 00006.114 00006.149 00006.181 00006.194
00004.250 00004.268 00004.285 00004.313 00004.343 00004.374 00004.410 00004.470 00004.529 00004.572 00004.605 00004.637 00004.684 00004.732 00004.780 00004.833 00004.891 00004.949 00005.006 00005.049 00005.084 00005.117 00005.148 00005.178 00005.208 00005.238 00005.268 00005.299 00005.331 00005.362 00005.393 00005.425 00005.456 00005.488 00005.520 00005.551 00005.583 00005.615 00005.647 00005.679 00005.710 00005.742 00005.774 00005.806 00005.840 00005.874 00005.909 00005.932 00005.955 00005.979 00006.009 00006.046 00006.083 00006.119 00006.155 00006.191 00006.227 00006.260 00006.292 00006.323
00004.442 00004.459 00004.476 00004.494 00004.525 00004.556 00004.589 00004.622 00004.678 00004.737 00004.786 00004.819 00004.852 00004.899 00004.947 00004.996 00005.036 00005.070 00005.102 00005.133 00005.163 00005.193 00005.222 00005.252 00005.282 00005.312 00005.342 00005.372 00005.402 00005.433 00005.463 00005.493 00005.524 00005.556 00005.588 00005.620 00005.652 00005.684 00005.716 00005.748 00005.780 00005.812 00005.844 00005.877 00005.909 00005.941 00005.973 00006.008 00006.054 00006.099 00006.135 00006.164 00006.201 00006.237 00006.274 00006.310 00006.345 00006.379 00006.410 00006.440
00004.652 00004.655 00004.671 00004.689 00004.711 00004.741 00004.773 00004.806 00004.840 00004.892 00004.952 00005.006 00005.033 00005.055 00005.079 00005.107 00005.134 00005.160 00005.186 00005.213 00005.240 00005.269 00005.298 00005.328 00005.357 00005.387 00005.417 00005.447 00005.477 00005.508 00005.538 00005.569 00005.600 00005.630 00005.661 00005.692 00005.723 00005.754 00005.786 00005.817 00005.850 00005.882 00005.915 00005.947 00005.980 00006.017 00006.062 00006.107 00006.152 00006.197 00006.241 00006.286 00006.332 00006.356 00006.393 00006.429 00006.465 00006.500 00006.533 00006.564
00004.830 00004.856 00004.872 00004.888 00004.906 00004.931 00004.962 00004.994 00005.024 00005.050 00005.074 00005.107 00005.138 00005.168 00005.188 00005.204 00005.223 00005.248 00005.273 00005.298 00005.325 00005.352 00005.379 00005.406 00005.434 00005.464 00005.494 00005.524 00005.554 00005.584 00005.614 00005.645 00005.676 00005.707 00005.737 00005.768 00005.798 00005.829 00005.860 00005.891 00005.923 00005.955 00005.987 00006.027 00006.072 00006.117 00006.163 00006.208 00006.253 00006.297 00006.341 00006.385 00006.429 00006.475 00006.522 00006.551 00006.587 00006.622 00006.657 00006.690
00004.945 00005.022 00005.065 00005.071 00005.080 00005.092 00005.106 00005.123 00005.141 00005.161 00005.181 00005.202 00005.223 00005.247 00005.277 00005.306 00005.333 00005.346 00005.362 00005.388 00005.413 00005.439 00005.465 00005.492 00005.520 00005.547 00005.575 00005.603 00005.632 00005.662 00005.693 00005.723 00005.753 00005.784 00005.815 00005.846 00005.877 00005.907 00005.938 00005.968 00005.999 00006.041 00006.084 00006.129 00006.174 00006.220 00006.265 00006.310 00006.356 00006.400 00006.443 00006.487 00006.532 00006.576 00006.621 00006.666 00006.712 00006.746 00006.781 00006.818
00005.061 00005.096 00005.130 00005.162 00005.194 00005.212 00005.223 00005.235 00005.250 00005.267 00005.284 00005.304 00005.325 00005.346 00005.367 00005.389 00005.416 00005.446 00005.477 00005.490 00005.503 00005.530 00005.556 00005.582 00005.608 00005.634 00005.661 00005.689 00005.717 00005.746 00005.774 00005.803 00005.832 00005.863 00005.894 00005.925 00005.956 00005.987 00006.025 00006.067 00006.109 00006.153 00006.195 00006.239 00006.281 00006.324 00006.370 00006.415 00006.460 00006.504 00006.547 00006.590 00006.634 00006.679 00006.725 00006.771 00006.815 00006.859 00006.904 00006.947
00005.126 00005.159 00005.191 00005.223 00005.255 00005.287 00005.320 00005.353 00005.365 00005.377 00005.394 00005.411 00005.428 00005.448 00005.469 00005.490 00005.513 00005.536 00005.558 00005.587 00005.618 00005.635 00005.648 00005.674 00005.700 00005.726 00005.753 00005.779 00005.805 00005.832 00005.861 00005.889 00005.918 00005.947 00005.976 00006.007 00006.047 00006.090 00006.133 00006.176 00006.219 00006.262 00006.306 00006.351 00006.396 00006.439 00006.482 00006.525 00006.568 00006.612 00006.655 00006.698 00006.742 00006.786 00006.830 00006.876 00006.922 00006.968 00007.028 00007.122
00005.182 00005.216 00005.250 00005.283 00005.315 00005.347 00005.380 00005.411 00005.443 00005.477 00005.509 00005.522 00005.539 00005.556 00005.574 00005.594 00005.615 00005.637 00005.660 00005.682 00005.704 00005.728 00005.761 00005.783 00005.795 00005.821 00005.847 00005.874 00005.900 00005.926 00005.952 00005.979 00006.008 00006.046 00006.084 00006.123 00006.163 00006.204 00006.245 00006.287 00006.330 00006.373 00006.417 00006.462 00006.506 00006.552 00006.597 00006.642 00006.685 00006.727 00006.769 00006.811 00006.855 00006.899 00006.944 00006.988 00007.061 00007.150 00007.245 00007.343
00005.262 00005.281 00005.310 00005.344 00005.377 00005.411 00005.444 00005.476 00005.508 00005.540 00005.572 00005.606 00005.642 00005.671 00005.687 00005.703 00005.722 00005.743 00005.763 00005.784 00005.807 00005.829 00005.852 00005.876 00005.904 00005.933 00005.945 00005.969 00005.996 00006.029 00006.063 00006.098 00006.133 00006.169 00006.206 00006.244 00006.283 00006.322 00006.363 00006.403 00006.444 00006.485 00006.530 00006.574 00006.619 00006.664 00006.710 00006.755 00006.801 00006.847 00006.890 00006.932 00006.973 00007.027 00007.114 00007.202 00007.288 00007.376 00007.465 00007.566
00005.351 00005.385 00005.420 00005.447 00005.461 00005.477 00005.511 00005.544 00005.577 00005.609 00005.641 00005.673 00005.706 00005.739 00005.773 00005.807 00005.840 00005.853 00005.871 00005.891 00005.911 00005.932 00005.954 00005.977 00006.002 00006.034 00006.068 00006.104 00006.122 00006.157 00006.191 00006.227 00006.263 00006.299 00006.334 00006.369 00006.406 00006.445 00006.484 00006.523 00006.564 00006.606 00006.648 00006.690 00006.733 00006.778 00006.823 00006.869 00006.914 00006.960 00007.011 00007.104 00007.191 00007.269 00007.348 00007.432 00007.521 00007.611 00007.706 00007.802
00005.405 00005.441 00005.476 00005.510 00005.545 00005.580 00005.615 00005.651 00005.650 00005.683 00005.715 00005.748 00005.780 00005.811 00005.843 00005.874 00005.906 00005.939 00005.972 00006.016 00006.027 00006.052 00006.079 00006.107 00006.136 00006.165 00006.199 00006.234 00006.269 00006.294 00006.322 00006.357 00006.392 00006.429 00006.466 00006.502 00006.537 00006.572 00006.608 00006.648 00006.689 00006.730 00006.771 00006.813 00006.855 00006.897 00006.940 00006.985 00007.060 00007.150 00007.240 00007.332 00007.427 00007.521 00007.600 00007.680 00007.762 00007.856 00007.952 00008.052
00005.587 00005.563 00005.563 00005.569 00005.605 00005.642 00005.680 00005.716 00005.751 00005.787 00005.811 00005.827 00005.859 00005.890 00005.920 00005.951 00005.982 00006.019 00006.063 00006.108 00006.154 00006.199 00006.225 00006.251 00006.277 00006.305 00006.333 00006.364 00006.400 00006.436 00006.471 00006.491 00006.525 00006.560 00006.595 00006.634 00006.673 00006.709 00006.743 00006.777 00006.814 00006.855 00006.897 00006.938 00006.980 00007.043 00007.126 00007.209 00007.293 00007.385 00007.481 00007.576 00007.670 00007.763 00007.860 00007.944 00008.025 00008.101 00008.196 00008.295
-0001.000 -0001.000 -0001.000 -0001.000 -0001.000 -0001.000 00005.874 00005.855 00005.859 00005.872 00005.890 00005.926 00005.961 00005.983 00006.003 00006.046 00006.088 00006.130 00006.171 00006.213 00006.258 00006.305 00006.353 00006.402 00006.427 00006.450 00006.477 00006.505 00006.534 00006.569 00006.605 00006.641 00006.672 00006.697 00006.731 00006.766 00006.801 00006.842 00006.883 00006.918 00006.952 00006.986 00007.045 00007.126 00007.207 00007.287 00007.371 00007.456 00007.544 00007.632 00007.727 00007.828 00007.931 00008.025 00008.112 00008.200 00008.280 00008.360 00008.444 00008.550
-0001.000 -0001.000 -0001.000 -0001.000 -0001.000 -0001.000 -0001.000 -0001.000 -0001.000 -0001.000 -0001.000 00006.076 00006.055 00006.148 00006.171 00006.167 00006.202 00006.245 00006.287 00006.330 00006.372 00006.414 00006.457 00006.503 00006.554 00006.606 00006.627 00006.650 00006.680 00006.710 00006.741 00006.777 00006.813 00006.848 00006.872 00006.906 00006.940 00006.975 00007.023 00007.103 00007.178 00007.243 00007.309 00007.381 00007.463 00007.545 00007.627 00007.711 00007.801 00007.893 00007.987 00008.080 00008.180 00008.286 00008.371 00008.449 00008.545 00008.634 00008.727 00008.824
