Flame/ash1_raster.fli
NCOLS 382
NROWS 266
XLLCORNER 157819.328125
YLLCORNER 384678.625000
CELLSIZE 30.000000
NODATA_VALUE -1
[rows 78 to 103 of 266, columns 120 to 179 of 382]
-0001.000 -0001.000 -0001.000 -0001.000 -0001.000 -0001.000 -0001.000 -0001.000 -0001.000 -0001.000 -0001.000 -0001.000 -0001.000 -0001.000 -0001.000 -0001.000 -0001.000 -0001.000 -0001.000 -0001.000 -0001.000 -0001.000 -0001.000 -0001.000 -0001.000 -0001.000 -0001.000 -0001.000 -0001.000 -0001.000 -0001.000 -0001.000 -0001.000 00034.951 00039.429 00045.956 00051.204 00054.635 00073.965 00078.781 00149.067 00138.419 00142.121 00201.202 00214.728 00270.235 00407.698 00413.054 00290.215 00286.034 00264.377 00195.975 00192.042 00186.801 00181.757 00084.647 00084.395 00138.707 00154.570 00144.389
-0001.000 -0001.000 -0001.000 -0001.000 -0001.000 -0001.000 -0001.000 -0001.000 -0001.000 -0001.000 -0001.000 -0001.000 -0001.000 -0001.000 -0001.000 -0001.000 -0001.000 -0001.000 -0001.000 -0001.000 -0001.000 -0001.000 -0001.000 -0001.000 -0001.000 -0001.000 -0001.000 -0001.000 -0001.000 -0001.000 -0001.000 -0001.000 -0001.000 00037.653 00040.269 00047.486 00049.747 00052.720 00056.707 00089.938 00069.966 00074.764 00168.120 00094.297 00196.900 00163.992 00414.063 00336.501 00289.348 00288.642 00287.473 00196.813 00191.409 00187.045 00183.267 00090.492 00086.074 00086.130 00137.599 00133.960
-0001.000 -0001.000 -0001.000 -0001.000 -0001.000 -0001.000 -0001.000 -0001.000 -0001.000 -0001.000 -0001.000 -0001.000 -0001.000 00029.165 -0001.000 -0001.000 -0001.000 -0001.000 00049.201 -0001.000 -0001.000 00048.291 00023.659 00072.341 -0001.000 -0001.000 -0001.000 -0001.000 -0001.000 -0001.000 -0001.000 -0001.000 -0001.000 00036.989 00042.814 00046.498 00049.495 00052.179 00055.063 00059.781 00066.838 00088.505 00084.170 00096.838 00131.570 00277.754 00422.876 00446.210 00298.280 00292.617 00279.484 00189.873 00188.284 00182.883 00186.399 00169.487 00077.050 00065.562 00060.821 00056.884
-0001.000 -0001.000 -0001.000 -0001.000 -0001.000 -0001.000 -0001.000 -0001.000 -0001.000 -0001.000 -0001.000 -0001.000 -0001.000 00029.606 00034.532 00031.450 00017.281 00041.293 00043.467 00044.940 00048.226 00056.027 00057.481 00029.323 00015.720 -0001.000 -0001.000 -0001.000 -0001.000 -0001.000 -0001.000 -0001.000 00036.420 00037.533 00044.250 00046.380 00049.164 00052.280 00055.147 00060.186 00067.198 00075.948 00087.446 00113.565 00241.741 00383.441 00454.217 00320.334 00285.970 00261.746 00266.471 00257.021 00167.253 00178.821 00127.289 00127.889 00105.078 00102.584 00102.179 00087.519
-0001.000 -0001.000 -0001.000 -0001.000 -0001.000 -0001.000 -0001.000 -0001.000 -0001.000 -0001.000 -0001.000 -0001.000 00022.642 00027.547 00031.803 00037.998 00029.036 00041.096 00043.258 00044.672 00046.891 00047.143 00023.644 00020.308 00018.382 00007.550 00002.087 00027.895 00027.448 00012.595 00022.853 00003.118 00035.579 00040.128 00043.774 00046.275 00049.245 00051.949 00055.503 00060.625 00068.304 00078.224 00098.851 00164.424 00279.844 00394.643 00463.179 00469.180 00239.982 00239.924 00238.694 00243.603 00154.912 00133.336 00100.304 00088.637 00085.959 00097.546 00072.618 00069.620
-0001.000 -0001.000 -0001.000 -0001.000 -0001.000 -0001.000 -0001.000 -0001.000 -0001.000 -0001.000 -0001.000 -0001.000 -0001.000 00025.833 00030.015 00035.307 00038.457 00041.324 00043.675 00044.889 00045.114 00023.037 00020.429 00019.189 00014.714 00012.290 00009.093 00032.358 00034.508 00038.804 00029.280 00034.595 00034.892 00041.578 00043.269 00045.568 00048.561 00051.709 00055.478 00061.193 00069.629 00083.647 00102.320 00120.396 00301.455 00408.850 00432.477 00438.410 00435.964 00193.071 00159.105 00133.691 00134.663 00135.422 00120.990 00109.684 00095.762 00090.536 00081.340 00068.562
-0001.000 -0001.000 -0001.000 -0001.000 -0001.000 -0001.000 -0001.000 -0001.000 -0001.000 -0001.000 -0001.000 -0001.000 -0001.000 00023.894 00028.563 00034.140 00038.403 00041.567 00044.229 00044.299 00040.581 00018.598 00019.568 00022.756 00015.512 00012.220 00029.303 00031.488 00032.729 00035.199 00033.868 00034.073 00037.314 00040.951 00042.808 00044.922 00048.786 00051.142 00056.077 00061.351 00071.650 00088.666 00180.817 00304.171 00377.488 00398.018 00416.370 00432.669 00447.342 00458.136 00448.282 00440.771 00440.960 00244.673 00095.203 00126.498 00123.440 00132.247 00136.942 00168.147
-0001.000 -0001.000 -0001.000 -0001.000 -0001.000 -0001.000 -0001.000 -0001.000 -0001.000 -0001.000 -0001.000 -0001.000 -0001.000 00021.858 00027.174 00032.653 00037.613 00041.873 00044.301 00043.571 00027.776 00018.625 00019.605 00022.735 00017.993 00034.201 00032.941 00031.029 00031.837 00033.232 00033.193 00033.741 00039.333 00040.726 00042.299 00044.105 00047.595 00050.896 00055.756 00062.584 00074.195 00113.571 00258.163 00355.053 00391.752 00426.023 00444.069 00453.345 00467.323 00480.057 00487.745 00409.439 00408.295 00114.748 00106.732 00120.105 00126.838 00143.984 00155.686 00166.512
-0001.000 -0001.000 -0001.000 -0001.000 -0001.000 -0001.000 -0001.000 -0001.000 -0001.000 -0001.000 -0001.000 -0001.000 -0001.000 00020.222 00024.785 00030.819 00035.461 00042.144 00044.079 00041.382 00017.241 00018.651 00019.203 00019.807 00029.365 00034.383 00036.935 00033.131 00031.525 00032.996 00032.940 00034.726 00039.104 00040.298 00041.858 00043.311 00046.627 00050.299 00055.839 00063.423 00074.212 00179.815 00158.366 00287.899 00395.563 00432.959 00456.027 00474.401 00487.867 00497.077 00501.677 00510.950 00290.581 00101.122 00117.047 00126.567 00108.186 00113.179 00130.817 00179.565
-0001.000 -0001.000 -0001.000 -0001.000 -0001.000 -0001.000 -0001.000 -0001.000 -0001.000 -0001.000 -0001.000 -0001.000 -0001.000 00020.039 00022.315 00028.039 00033.775 00040.783 00043.566 00036.235 00017.819 00018.689 00019.476 00020.394 00032.899 00034.590 00037.971 00035.815 00035.768 00033.890 00032.560 00035.930 00038.103 00039.733 00041.076 00042.778 00045.876 00049.389 00055.556 00062.868 00071.286 00104.832 00234.001 00342.487 00411.707 00469.200 00489.791 00499.503 00514.685 00513.086 00521.650 00425.331 00093.883 00103.248 00150.187 00180.662 00201.748 00198.707 00191.404 00198.748
-0001.000 -0001.000 -0001.000 -0001.000 -0001.000 -0001.000 -0001.000 -0001.000 -0001.000 -0001.000 -0001.000 -0001.000 -0001.000 00022.086 00020.424 00024.111 00032.378 00039.325 00042.260 00018.099 00018.396 00018.973 00019.898 00020.340 00032.286 00034.612 00037.289 00036.816 00038.930 00034.385 00032.394 00036.575 00037.255 00039.035 00040.384 00042.548 00045.053 00048.451 00055.247 00062.343 00083.050 00173.559 00292.062 00383.828 00453.769 00483.811 00501.669 00521.061 00540.155 00465.198 00437.169 00102.240 00095.530 00133.388 00161.191 00183.644 00166.988 00155.641 00150.389 00149.244
-0001.000 -0001.000 -0001.000 -0001.000 -0001.000 -0001.000 -0001.000 -0001.000 -0001.000 -0001.000 -0001.000 -0001.000 -0001.000 00023.978 00033.247 00024.102 00029.162 00037.543 00038.366 00017.490 00018.629 00019.239 00020.144 00029.690 00031.684 00033.887 00036.411 00036.889 00038.466 00037.576 00031.619 00035.642 00036.375 00038.177 00039.647 00041.766 00044.267 00048.218 00054.714 00066.376 00087.749 00129.217 00251.232 00344.495 00422.916 00472.565 00504.950 00510.507 00517.549 00414.508 00108.106 00108.648 00113.709 00137.668 00166.677 00149.693 00132.510 00123.850 00112.122 00102.212
-0001.000 -0001.000 -0001.000 -0001.000 -0001.000 -0001.000 -0001.000 -0001.000 -0001.000 -0001.000 -0001.000 -0001.000 -0001.000 00022.967 00054.555 00056.840 00026.534 00035.713 00027.746 00017.963 00018.808 00019.657 00020.502 00030.494 00031.677 00034.348 00035.723 00037.011 00038.057 00039.070 00038.620 00034.690 00035.718 00037.721 00039.153 00041.224 00043.580 00048.354 00054.218 00066.010 00104.391 00199.476 00258.198 00240.961 00351.457 00424.439 00446.426 00462.198 00485.492 00117.773 00106.122 00112.570 00145.409 00147.144 00139.196 00119.198 00112.321 00096.864 00110.995 00109.666
-0001.000 -0001.000 -0001.000 -0001.000 -0001.000 -0001.000 -0001.000 -0001.000 -0001.000 -0001.000 -0001.000 -0001.000 00021.620 00028.390 00071.453 00088.934 00038.799 00066.140 00015.911 00018.199 00019.036 00020.036 00023.144 00031.075 00031.985 00033.995 00035.273 00036.536 00037.668 00039.310 00040.468 00034.578 00035.959 00037.225 00038.679 00040.851 00042.987 00047.320 00052.758 00070.915 00126.350 00188.654 00166.489 00222.548 00208.982 00297.146 00380.120 00343.705 00210.075 00123.155 00100.492 00139.839 00160.835 00125.500 00119.401 00105.719 00116.017 00133.270 00156.061 00129.813
-0001.000 -0001.000 -0001.000 -0001.000 -0001.000 -0001.000 -0001.000 -0001.000 -0001.000 -0001.000 -0001.000 -0001.000 00031.269 00053.017 00087.535 00064.495 00096.743 00093.144 00020.052 00018.273 00019.232 00020.736 00030.649 00031.475 00032.681 00033.791 00034.639 00035.969 00037.783 00039.744 00040.947 00033.402 00035.770 00036.809 00038.625 00040.262 00042.432 00045.932 00055.785 00068.441 00106.886 00097.025 00154.962 00214.154 00223.113 00184.031 00243.852 00345.936 00117.790 00119.407 00126.314 00144.647 00150.742 00112.050 00110.912 00115.390 00152.882 00187.891 00246.887 00217.676
-0001.000 -0001.000 -0001.000 -0001.000 -0001.000 -0001.000 -0001.000 -0001.000 -0001.000 -0001.000 -0001.000 -0001.000 00055.189 00080.162 00092.286 00084.443 00106.752 00091.353 00034.731 00018.536 00019.465 00020.823 00030.908 00031.802 00032.606 00033.211 00034.411 00035.695 00037.658 00041.270 00042.065 00043.150 00035.355 00036.977 00038.272 00039.710 00041.994 00045.410 00059.094 00066.276 00079.121 00092.947 00170.955 00228.949 00212.311 00184.452 00161.310 00089.610 00109.406 00116.633 00142.008 00150.154 00110.280 00106.464 00109.678 00132.956 00207.308 00367.703 00363.675 00340.505
-0001.000 -0001.000 -0001.000 -0001.000 -0001.000 -0001.000 -0001.000 -0001.000 -0001.000 -0001.000 -0001.000 -0001.000 00070.614 00083.862 00089.775 00094.669 00102.743 00063.150 00047.217 00018.591 00020.124 00027.579 00030.918 00031.576 00032.512 00033.239 00034.170 00035.605 00038.374 00041.028 00042.373 00043.096 00037.296 00036.705 00037.828 00039.554 00041.647 00049.720 00056.882 00064.201 00075.910 00102.204 00191.600 00239.250 00209.151 00177.170 00130.749 00103.885 00102.448 00118.835 00150.865 00164.711 00105.164 00106.238 00111.546 00211.464 00327.529 00372.622 00375.463 00381.932
-0001.000 -0001.000 -0001.000 -0001.000 -0001.000 -0001.000 -0001.000 -0001.000 -0001.000 -0001.000 -0001.000 -0001.000 00092.543 00081.656 00087.058 00092.159 00097.928 00046.384 00036.105 00018.652 00020.173 00029.884 00031.099 00031.575 00032.567 00033.822 00034.256 00035.853 00039.853 00041.141 00042.751 00043.535 00041.323 00036.451 00037.233 00039.204 00041.342 00051.287 00055.391 00062.468 00072.160 00107.931 00179.017 00188.327 00239.031 00224.855 00107.955 00097.383 00094.684 00125.901 00144.280 00151.031 00113.902 00113.483 00201.228 00292.955 00338.700 00369.106 00391.178 00446.394
-0001.000 -0001.000 -0001.000 -0001.000 -0001.000 -0001.000 -0001.000 -0001.000 -0001.000 -0001.000 -0001.000 -0001.000 00095.124 00079.177 00084.606 00089.570 00091.431 00038.673 00019.172 00018.744 00020.157 00029.786 00031.001 00031.822 00032.914 00033.926 00034.321 00036.871 00039.464 00041.051 00042.610 00043.656 00044.270 00037.813 00036.514 00038.597 00041.143 00050.206 00054.264 00060.781 00069.569 00086.650 00087.473 00217.840 00293.008 00230.590 00111.009 00102.623 00100.129 00135.857 00146.371 00166.518 00133.794 00169.726 00265.715 00306.815 00348.411 00386.240 00427.505 00458.165
-0001.000 -0001.000 -0001.000 -0001.000 -0001.000 -0001.000 -0001.000 -0001.000 -0001.000 -0001.000 -0001.000 -0001.000 00093.530 00093.467 00082.625 00087.404 00086.365 00040.808 00017.812 00018.740 00028.348 00030.054 00030.973 00032.289 00033.252 00033.920 00034.575 00037.930 00039.077 00040.845 00042.504 00043.842 00044.135 00039.879 00036.300 00037.527 00046.342 00049.416 00053.843 00059.473 00068.435 00077.712 00092.197 00114.259 00217.114 00249.647 00114.340 00106.660 00143.776 00181.902 00190.770 00200.567 00178.759 00236.039 00276.303 00317.509 00358.249 00402.637 00457.869 00465.589
-0001.000 -0001.000 -0001.000 -0001.000 -0001.000 -0001.000 -0001.000 -0001.000 -0001.000 -0001.000 -0001.000 00085.951 00090.604 00097.423 00091.144 00085.466 00079.141 00037.445 00017.552 00019.209 00028.761 00030.220 00030.948 00032.079 00033.244 00034.205 00034.968 00038.002 00038.771 00040.689 00042.417 00044.082 00044.353 00042.008 00042.171 00037.923 00045.597 00048.429 00052.653 00059.778 00066.957 00078.098 00097.082 00144.152 00235.565 00148.411 00114.684 00130.275 00178.353 00198.848 00222.785 00342.058 00457.693 00241.236 00281.252 00326.879 00367.748 00421.245 00461.619 00462.294
-0001.000 -0001.000 -0001.000 -0001.000 -0001.000 -0001.000 -0001.000 -0001.000 -0001.000 -0001.000 -0001.000 00081.710 00087.686 00096.131 00096.944 00086.731 00072.553 00035.191 00017.609 00019.213 00029.210 00030.339 00031.020 00032.258 00033.232 00034.347 00036.046 00037.786 00038.492 00040.236 00042.312 00043.974 00044.593 00044.435 00041.791 00040.280 00044.600 00046.880 00051.363 00057.737 00065.410 00075.688 00110.591 00172.641 00229.583 00124.252 00116.023 00140.353 00177.994 00285.937 00414.965 00462.185 00269.824 00242.291 00284.183 00332.694 00381.062 00441.534 00458.564 00457.220
-0001.000 -0001.000 -0001.000 -0001.000 -0001.000 -0001.000 -0001.000 -0001.000 -0001.000 -0001.000 -0001.000 00077.434 00084.205 00091.552 00100.540 00095.857 00056.389 00037.680 00017.616 00019.903 00029.589 00030.350 00030.919 00031.982 00033.153 00034.186 00036.860 00037.471 00038.588 00040.269 00042.139 00043.859 00044.836 00044.735 00042.014 00049.828 00046.104 00045.011 00049.608 00055.246 00062.970 00071.983 00110.851 00181.236 00139.487 00127.802 00124.618 00145.764 00313.409 00374.014 00434.188 00477.397 00258.628 00239.762 00291.770 00340.081 00399.315 00455.718 00457.011 00449.837
-0001.000 -0001.000 -0001.000 -0001.000 -0001.000 -0001.000 -0001.000 -0001.000 -0001.000 -0001.000 -0001.000 00070.351 00080.332 00086.802 00098.537 00099.965 00061.538 00041.964 00017.619 00022.012 00029.817 00030.403 00031.076 00031.673 00032.868 00034.795 00036.760 00037.371 00038.198 00040.117 00041.852 00043.985 00045.378 00045.390 00043.601 00050.487 00048.044 00043.963 00047.589 00053.545 00059.997 00075.300 00119.093 00180.618 00157.251 00131.432 00127.663 00274.150 00325.231 00393.655 00453.138 00390.824 00213.176 00246.202 00300.541 00353.524 00424.714 00460.097 00459.226 00442.438
-0001.000 -0001.000 -0001.000 -0001.000 -0001.000 -0001.000 -0001.000 -0001.000 -0001.000 -0001.000 -0001.000 00062.965 00072.182 00077.292 00093.941 00104.292 00056.031 00042.185 00028.061 00032.096 00029.918 00030.427 00031.230 00031.569 00032.576 00035.559 00037.085 00037.362 00037.961 00039.990 00041.559 00043.670 00045.506 00046.027 00052.084 00050.771 00050.493 00044.975 00045.612 00051.581 00057.481 00077.363 00119.111 00172.994 00160.233 00134.388 00223.778 00283.099 00338.326 00420.668 00458.134 00393.886 00201.164 00257.776 00307.498 00371.958 00450.972 00463.817 00463.041 00434.537
-0001.000 -0001.000 -0001.000 -0001.000 -0001.000 -0001.000 -0001.000 -0001.000 -0001.000 -0001.000 -0001.000 -0001.000 00062.100 00067.767 00083.021 00094.717 00046.132 00046.926 00044.387 00062.299 00030.084 00030.649 00031.256 00031.530 00032.282 00035.560 00036.938 00037.456 00037.865 00039.244 00041.419 00043.502 00045.506 00046.404 00053.966 00050.920 00050.335 00057.761 00047.068 00049.144 00054.445 00072.729 00113.447 00162.401 00157.317 00182.753 00244.038 00286.112 00373.115 00424.516 00434.951 00383.407 00205.241 00256.829 00314.977 00392.674 00451.409 00470.849 00451.433 00436.738
