Flame/ash1_raster.fli
NCOLS 382
NROWS 266
XLLCORNER 157819.328125
YLLCORNER 384678.625000
CELLSIZE 30.000000
NODATA_VALUE -1
[rows 78 to 103 of 266, columns 180 to 239 of 382]
00136.326 00096.058 -0001.000 -0001.000 -0001.000 -0001.000 -0001.000 -0001.000 -0001.000 -0001.000 -0001.000 -0001.000 -0001.000 -0001.000 -0001.000 -0001.000 -0001.000 -0001.000 -0001.000 -0001.000 -0001.000 -0001.000 00027.473 00022.665 00027.496 00027.952 00032.000 00060.209 00115.243 00122.916 00052.721 00028.540 00129.653 00066.486 00027.589 -0001.000 -0001.000 -0001.000 -0001.000 -0001.000 -0001.000 -0001.000 -0001.000 -0001.000 -0001.000 -0001.000 -0001.000 -0001.000 -0001.000 -0001.000 -0001.000 -0001.000 -0001.000 -0001.000 -0001.000 -0001.000 -0001.000 -0001.000 -0001.000 -0001.000
00116.297 00069.665 -0001.000 -0001.000 00059.494 00079.026 00086.722 -0001.000 -0001.000 -0001.000 -0001.000 -0001.000 -0001.000 -0001.000 -0001.000 -0001.000 -0001.000 -0001.000 -0001.000 00044.424 00041.086 00022.443 00027.443 00031.695 00045.500 00091.814 00091.876 00159.133 00207.764 00273.723 00356.914 00004.693 00003.199 00007.873 -0001.000 -0001.000 -0001.000 -0001.000 -0001.000 -0001.000 -0001.000 -0001.000 -0001.000 -0001.000 -0001.000 -0001.000 -0001.000 -0001.000 -0001.000 -0001.000 -0001.000 -0001.000 -0001.000 -0001.000 -0001.000 -0001.000 -0001.000 -0001.000 -0001.000 -0001.000
00060.470 00043.021 00038.876 00050.081 00065.403 00068.800 00072.197 00071.098 -0001.000 -0001.000 -0001.000 -0001.000 -0001.000 -0001.000 -0001.000 -0001.000 -0001.000 -0001.000 00048.545 00041.175 00023.550 00034.902 00051.669 00092.194 00078.536 00161.837 00375.189 00412.447 00283.746 00356.764 00368.012 00365.902 00004.890 00003.039 -0001.000 -0001.000 -0001.000 -0001.000 -0001.000 -0001.000 -0001.000 -0001.000 -0001.000 -0001.000 -0001.000 -0001.000 -0001.000 -0001.000 -0001.000 -0001.000 -0001.000 -0001.000 -0001.000 -0001.000 -0001.000 -0001.000 -0001.000 -0001.000 -0001.000 -0001.000
00039.743 00023.736 00023.067 00053.618 00071.243 00084.607 00030.660 00041.546 00045.282 -0001.000 -0001.000 -0001.000 -0001.000 -0001.000 00026.241 00031.596 00040.452 00046.067 00021.581 00031.808 00049.762 00065.870 00086.753 00130.955 00169.903 00198.186 00300.442 00329.926 00366.451 00348.439 00181.800 00231.152 00003.798 00002.413 -0001.000 -0001.000 -0001.000 -0001.000 -0001.000 -0001.000 -0001.000 -0001.000 -0001.000 -0001.000 -0001.000 -0001.000 -0001.000 -0001.000 -0001.000 -0001.000 -0001.000 -0001.000 -0001.000 -0001.000 -0001.000 -0001.000 -0001.000 -0001.000 -0001.000 -0001.000
00040.139 00040.978 00064.955 00111.851 00082.670 00077.471 00086.863 00089.753 00034.353 00035.506 -0001.000 -0001.000 00020.737 00024.089 00024.673 00045.507 00054.841 00063.795 00030.818 00046.757 00068.224 00101.676 00112.719 00129.763 00124.687 00114.735 00137.537 00290.025 00211.194 00078.888 00051.225 00028.527 00019.687 00003.561 00000.652 -0001.000 -0001.000 -0001.000 -0001.000 -0001.000 -0001.000 -0001.000 -0001.000 -0001.000 -0001.000 -0001.000 -0001.000 -0001.000 -0001.000 -0001.000 -0001.000 -0001.000 -0001.000 -0001.000 -0001.000 -0001.000 -0001.000 -0001.000 -0001.000 -0001.000
00066.933 00095.634 00122.182 00131.209 00138.643 00129.418 00110.440 00067.010 00070.454 00034.921 00027.292 00027.328 00029.879 00035.562 00080.081 00094.430 00114.050 00067.795 00040.249 00065.827 00120.246 00104.669 00115.847 00111.243 00093.433 00099.073 00089.556 00055.601 00057.208 00060.329 00063.512 00065.844 00068.094 00022.011 00003.049 00001.518 00002.050 -0001.000 -0001.000 -0001.000 -0001.000 -0001.000 -0001.000 -0001.000 -0001.000 -0001.000 -0001.000 -0001.000 -0001.000 -0001.000 -0001.000 -0001.000 -0001.000 -0001.000 -0001.000 -0001.000 -0001.000 -0001.000 -0001.000 -0001.000
00190.203 00170.789 00151.767 00139.913 00116.255 00102.800 00095.137 00072.710 00050.719 00044.513 00029.096 00042.151 00056.695 00072.924 00104.048 00100.882 00110.817 00120.008 00051.844 00125.056 00145.992 00146.750 00125.765 00109.896 00097.768 00087.113 00053.412 00054.217 00058.457 00063.191 00066.462 00069.163 00069.374 00070.014 00048.017 00015.306 00003.292 00000.864 -0001.000 -0001.000 -0001.000 -0001.000 -0001.000 -0001.000 -0001.000 -0001.000 -0001.000 -0001.000 -0001.000 -0001.000 -0001.000 -0001.000 -0001.000 -0001.000 -0001.000 -0001.000 -0001.000 -0001.000 -0001.000 -0001.000
00178.035 00181.932 00188.682 00270.002 00260.284 00283.306 00265.044 00209.871 00178.279 00127.251 00130.371 00135.985 00086.561 00066.999 00058.206 00037.882 00029.457 00048.283 00199.631 00194.978 00245.646 00155.256 00135.389 00111.160 00092.607 00079.343 00059.633 00088.085 00218.899 00269.336 00307.728 00311.605 00235.316 00211.175 00186.792 00151.743 00047.334 00003.683 00004.455 00000.686 -0001.000 -0001.000 -0001.000 -0001.000 -0001.000 -0001.000 -0001.000 -0001.000 -0001.000 -0001.000 -0001.000 -0001.000 -0001.000 -0001.000 -0001.000 -0001.000 -0001.000 -0001.000 -0001.000 -0001.000
00219.191 00208.620 00179.380 00150.101 00215.540 00299.227 00315.583 00328.765 00339.588 00344.436 00350.468 00079.345 00062.384 00081.606 00054.313 00049.039 00151.043 00190.297 00252.405 00381.208 00398.616 00374.533 00382.496 00364.223 00124.008 00144.668 00222.606 00250.356 00260.787 00277.746 00295.734 00324.928 00242.707 00244.877 00228.511 00254.692 00280.819 00144.209 00004.825 00002.856 -0001.000 -0001.000 -0001.000 -0001.000 -0001.000 -0001.000 -0001.000 -0001.000 -0001.000 -0001.000 -0001.000 -0001.000 -0001.000 -0001.000 -0001.000 -0001.000 -0001.000 -0001.000 -0001.000 -0001.000
00217.847 00213.827 00204.741 00175.310 00115.517 00115.765 00218.957 00292.120 00341.028 00339.231 00070.936 00071.369 00092.893 00089.062 00101.737 00121.685 00164.361 00249.618 00312.809 00389.632 00411.838 00432.979 00451.326 00442.300 00298.205 00201.809 00226.058 00245.514 00279.682 00301.093 00303.149 00251.264 00240.958 00238.820 00252.828 00263.362 00255.486 00028.244 00001.850 00004.943 00001.221 -0001.000 -0001.000 -0001.000 -0001.000 -0001.000 -0001.000 -0001.000 -0001.000 -0001.000 -0001.000 -0001.000 -0001.000 -0001.000 -0001.000 -0001.000 -0001.000 -0001.000 -0001.000 -0001.000
00152.392 00166.373 00169.170 00127.387 00117.242 00123.056 00127.476 00124.582 00202.219 00241.889 00288.512 00077.852 00088.647 00094.946 00113.207 00131.261 00242.860 00259.306 00332.715 00388.167 00415.788 00442.851 00418.160 00373.412 00199.141 00222.095 00219.771 00261.090 00302.388 00300.093 00261.336 00225.623 00213.369 00233.139 00256.959 00271.028 00277.776 00228.077 00093.000 00004.645 00002.595 -0001.000 -0001.000 -0001.000 -0001.000 -0001.000 -0001.000 -0001.000 -0001.000 -0001.000 -0001.000 -0001.000 -0001.000 -0001.000 -0001.000 -0001.000 -0001.000 -0001.000 -0001.000 -0001.000
00114.872 00146.208 00151.886 00137.770 00119.833 00100.837 00097.073 00096.624 00097.048 00056.385 00064.853 00074.421 00082.803 00088.905 00110.895 00227.843 00269.870 00274.730 00348.815 00384.471 00418.330 00435.366 00321.554 00322.432 00215.518 00219.143 00260.474 00308.567 00304.900 00284.588 00236.496 00197.803 00201.896 00247.318 00256.922 00273.005 00288.966 00317.515 00361.075 00005.040 00004.083 00001.479 -0001.000 -0001.000 -0001.000 -0001.000 -0001.000 -0001.000 -0001.000 -0001.000 -0001.000 -0001.000 -0001.000 -0001.000 -0001.000 -0001.000 -0001.000 -0001.000 -0001.000 -0001.000
00112.164 00119.626 00132.546 00121.323 00119.144 00108.248 00101.041 00106.829 00060.459 00059.575 00058.455 00057.353 00063.754 00090.805 00160.379 00252.142 00275.655 00294.268 00354.048 00382.536 00403.360 00406.383 00300.407 00287.620 00208.805 00268.441 00298.369 00294.389 00275.359 00298.227 00230.860 00237.585 00256.971 00257.734 00279.280 00314.668 00308.984 00301.754 00235.964 00080.401 00004.634 00002.336 -0001.000 -0001.000 -0001.000 -0001.000 -0001.000 -0001.000 -0001.000 -0001.000 -0001.000 -0001.000 -0001.000 -0001.000 -0001.000 -0001.000 -0001.000 -0001.000 -0001.000 -0001.000
00118.106 00110.315 00122.797 00139.514 00126.604 00113.735 00084.679 00066.485 00060.529 00059.271 00058.943 00052.617 00062.815 00190.514 00213.178 00241.354 00238.841 00309.241 00348.096 00354.123 00360.650 00287.931 00275.998 00226.558 00242.053 00291.790 00288.934 00263.435 00264.175 00254.917 00258.110 00269.851 00299.101 00330.779 00327.603 00325.009 00323.863 00346.722 00381.643 00218.583 00001.927 00003.677 00000.997 -0001.000 -0001.000 -0001.000 -0001.000 -0001.000 -0001.000 -0001.000 -0001.000 -0001.000 -0001.000 -0001.000 -0001.000 -0001.000 -0001.000 -0001.000 -0001.000 -0001.000
00230.529 00199.701 00160.100 00151.685 00157.195 00116.543 00063.037 00206.611 00205.824 00201.670 00187.668 00142.863 00168.284 00194.546 00206.628 00218.279 00255.118 00315.819 00302.918 00288.344 00323.748 00263.087 00253.297 00221.554 00254.519 00283.892 00289.676 00266.515 00270.666 00285.913 00250.349 00290.943 00337.516 00367.971 00399.955 00448.249 00439.193 00393.120 00394.935 00422.429 00431.442 00003.141 00003.006 00001.088 -0001.000 -0001.000 -0001.000 -0001.000 -0001.000 -0001.000 -0001.000 -0001.000 -0001.000 -0001.000 -0001.000 -0001.000 -0001.000 -0001.000 -0001.000 -0001.000
00364.323 00353.070 00353.417 00353.851 00356.682 00356.439 00218.690 00238.958 00237.211 00232.489 00223.265 00218.096 00211.030 00202.845 00215.122 00230.037 00270.016 00286.692 00272.652 00290.046 00255.643 00247.225 00234.849 00235.662 00248.072 00254.380 00309.278 00363.693 00313.147 00301.120 00301.507 00317.269 00340.533 00376.092 00411.965 00435.879 00437.435 00429.391 00427.950 00420.296 00408.096 00416.360 00003.517 00002.986 00001.129 -0001.000 -0001.000 -0001.000 -0001.000 -0001.000 -0001.000 -0001.000 -0001.000 -0001.000 -0001.000 -0001.000 -0001.000 -0001.000 -0001.000 -0001.000
00389.539 00386.317 00379.870 00370.209 00382.889 00407.876 00229.873 00227.735 00257.621 00264.040 00228.336 00230.568 00209.101 00210.308 00227.804 00236.987 00264.012 00263.764 00249.302 00267.976 00243.211 00241.366 00239.136 00247.835 00262.397 00313.308 00359.160 00407.170 00313.742 00331.492 00325.308 00316.969 00342.733 00368.245 00385.050 00382.042 00391.561 00401.602 00396.599 00381.589 00376.359 00384.185 00405.183 00421.882 00003.328 00001.206 -0001.000 -0001.000 -0001.000 -0001.000 -0001.000 -0001.000 -0001.000 -0001.000 -0001.000 -0001.000 -0001.000 -0001.000 -0001.000 -0001.000
00465.355 00431.811 00362.112 00368.332 00374.097 00281.441 00232.601 00260.506 00268.880 00267.052 00237.760 00220.955 00211.456 00236.863 00233.581 00252.252 00265.689 00247.045 00259.819 00243.111 00248.885 00240.000 00258.341 00281.581 00303.855 00359.061 00424.001 00314.735 00319.487 00319.765 00352.151 00359.126 00356.215 00357.994 00371.717 00370.079 00366.501 00372.071 00393.781 00403.259 00366.539 00369.330 00376.086 00410.385 00002.668 00003.815 00001.333 -0001.000 -0001.000 -0001.000 -0001.000 -0001.000 -0001.000 -0001.000 -0001.000 -0001.000 -0001.000 -0001.000 -0001.000 -0001.000
00468.149 00457.533 00428.619 00382.989 00343.307 00256.326 00252.600 00274.422 00263.454 00258.980 00252.542 00253.663 00252.365 00247.738 00245.153 00238.535 00255.968 00313.738 00249.658 00273.934 00262.568 00270.204 00276.658 00305.898 00357.741 00408.082 00401.502 00305.939 00292.001 00318.339 00337.698 00335.341 00331.803 00341.833 00356.655 00370.219 00379.822 00392.460 00389.539 00373.144 00374.220 00365.769 00352.786 00290.329 00157.494 00003.473 00002.278 -0001.000 -0001.000 -0001.000 -0001.000 -0001.000 -0001.000 -0001.000 -0001.000 -0001.000 -0001.000 -0001.000 -0001.000 -0001.000
00463.732 00448.552 00391.350 00344.945 00371.626 00246.252 00267.939 00289.504 00302.458 00251.824 00257.989 00246.101 00251.498 00264.444 00259.599 00253.195 00297.475 00297.839 00291.221 00298.089 00282.021 00290.637 00328.514 00371.337 00402.546 00430.237 00362.858 00276.185 00297.218 00316.254 00334.518 00364.655 00340.595 00313.665 00328.875 00338.456 00340.977 00343.190 00334.937 00326.433 00328.393 00342.835 00346.759 00123.730 00030.727 00003.275 00004.156 00001.482 -0001.000 -0001.000 -0001.000 -0001.000 -0001.000 -0001.000 -0001.000 -0001.000 -0001.000 -0001.000 -0001.000 -0001.000
00453.347 00434.738 00423.901 00407.954 00265.489 00258.335 00275.042 00306.335 00292.962 00259.536 00244.792 00255.289 00266.023 00268.523 00288.061 00299.423 00297.453 00300.467 00315.703 00305.192 00310.713 00333.823 00396.018 00423.209 00443.765 00413.048 00389.012 00281.665 00301.426 00315.833 00353.574 00375.547 00315.905 00273.634 00270.065 00284.156 00286.667 00280.050 00277.803 00273.994 00283.715 00310.262 00253.596 00322.493 00403.309 00003.297 00004.394 00002.562 -0001.000 -0001.000 -0001.000 -0001.000 -0001.000 -0001.000 -0001.000 -0001.000 -0001.000 -0001.000 -0001.000 -0001.000
00443.510 00441.261 00439.788 00403.733 00310.395 00257.714 00282.952 00310.493 00283.932 00246.889 00263.033 00269.784 00284.970 00301.693 00308.167 00308.263 00313.383 00346.385 00304.982 00304.943 00347.398 00387.659 00428.760 00456.028 00460.736 00402.786 00375.725 00292.177 00311.646 00323.119 00410.872 00477.039 00524.772 00534.662 00491.277 00323.074 00339.074 00373.478 00373.346 00306.479 00330.475 00224.187 00269.440 00354.055 00116.431 00003.256 00004.364 00002.491 -0001.000 -0001.000 -0001.000 -0001.000 -0001.000 -0001.000 -0001.000 -0001.000 -0001.000 -0001.000 -0001.000 -0001.000
00436.133 00435.103 00420.772 00355.286 00294.730 00286.799 00294.235 00346.263 00281.022 00251.864 00271.608 00274.746 00306.007 00317.337 00324.105 00312.259 00310.156 00299.898 00340.933 00380.633 00407.504 00434.957 00452.033 00470.067 00421.657 00393.436 00283.065 00306.250 00337.264 00384.603 00452.368 00520.537 00571.267 00581.175 00578.808 00566.838 00522.746 00391.479 00355.739 00336.670 00262.340 00292.408 00328.369 00359.337 00384.870 00386.868 00003.093 00003.741 00002.140 -0001.000 -0001.000 -0001.000 -0001.000 -0001.000 -0001.000 -0001.000 -0001.000 -0001.000 -0001.000 -0001.000
00434.449 00433.102 00388.172 00312.411 00274.531 00287.242 00329.052 00331.136 00300.400 00269.444 00265.625 00283.967 00329.762 00356.356 00329.678 00310.877 00324.568 00334.595 00361.677 00384.781 00415.326 00437.048 00453.956 00440.127 00398.097 00383.079 00298.648 00339.357 00353.845 00413.235 00487.637 00569.779 00588.727 00614.140 00630.584 00555.949 00557.612 00489.668 00386.573 00349.563 00347.062 00352.435 00341.435 00340.301 00371.885 00396.670 00368.924 00003.370 00004.645 00002.960 -0001.000 -0001.000 -0001.000 -0001.000 -0001.000 -0001.000 -0001.000 -0001.000 -0001.000 -0001.000
00431.153 00424.114 00364.357 00260.750 00274.579 00296.883 00332.255 00322.778 00305.259 00267.009 00260.939 00298.758 00333.160 00364.975 00368.852 00367.072 00336.049 00345.657 00381.530 00425.339 00484.625 00460.488 00467.639 00417.622 00422.142 00436.825 00333.899 00346.386 00396.734 00451.680 00558.414 00608.715 00620.844 00655.581 00659.018 00620.095 00540.561 00521.081 00375.926 00328.168 00385.177 00370.901 00357.840 00368.572 00355.983 00346.907 00182.715 00003.681 00005.336 00003.340 -0001.000 -0001.000 -0001.000 -0001.000 -0001.000 -0001.000 -0001.000 -0001.000 -0001.000 -0001.000
00430.668 00402.632 00348.331 00268.976 00273.828 00296.800 00329.947 00326.888 00282.111 00264.096 00254.018 00299.633 00360.602 00377.527 00415.733 00387.818 00365.515 00416.773 00467.706 00540.602 00562.070 00579.937 00538.689 00508.415 00523.906 00330.344 00342.461 00374.154 00424.689 00569.455 00685.900 00712.152 00743.559 00710.137 00650.417 00580.383 00539.395 00503.341 00351.213 00375.598 00354.205 00332.003 00341.138 00383.070 00366.064 00382.348 00405.771 00004.049 00005.761 00003.551 00001.435 -0001.000 -0001.000 -0001.000 -0001.000 -0001.000 -0001.000 -0001.000 -0001.000 -0001.000
