Flame/ash1_raster.toa
NCOLS 382
NROWS 266
XLLCORNER 157819.328125
YLLCORNER 384678.625000
CELLSIZE 30.000000
NODATA_VALUE -1
[rows 130 to 155 of 266, columns 240 to 299 of 382]
00002.604 00002.627 00002.648 00002.666 00002.682 00002.693 00002.701 00002.714 00002.730 00002.750 00002.775 00002.799 00002.823 00002.837 00002.847 00002.858 00002.869 00002.892 00002.914 00002.935 00002.954 00002.979 00002.999 00004.411 00005.804 00007.691 -0001.000 -0001.000 -0001.000 -0001.000 -0001.000 -0001.000 -0001.000 00006.983 00004.089 00003.959 00003.914 00003.915 00003.916 00003.917 00003.936 00003.956 00003.978 00004.003 00004.102 00004.196 00004.283 00004.356 00004.468 00004.515 00004.569 00004.630 00004.695 00004.792 00004.905 00005.009 00005.065 00005.107 00005.145 00005.183
00002.584 00002.608 00002.627 00002.643 00002.656 00002.661 00002.667 00002.681 00002.700 00002.721 00002.744 00002.768 00002.781 00002.791 00002.798 00002.810 00002.836 00002.860 00002.884 00002.906 00002.935 00002.953 00002.982 00003.814 00005.494 00006.752 -0001.000 -0001.000 -0001.000 -0001.000 -0001.000 -0001.000 -0001.000 00006.657 00004.014 00003.900 00003.867 00003.867 00003.867 00003.878 00003.894 00003.912 00003.937 00003.980 00004.043 00004.133 00004.237 00004.335 00004.356 00004.384 00004.432 00004.547 00004.655 00004.758 00004.868 00004.975 00005.048 00005.093 00005.132 00005.170
00002.564 00002.586 00002.604 00002.617 00002.625 00002.627 00002.634 00002.651 00002.672 00002.693 00002.714 00002.726 00002.738 00002.747 00002.759 00002.781 00002.805 00002.830 00002.858 00002.890 00002.908 00002.919 00002.938 00003.376 00005.184 00006.222 00008.548 -0001.000 -0001.000 -0001.000 -0001.000 -0001.000 -0001.000 00006.488 00003.900 00003.833 00003.819 00003.818 00003.823 00003.838 00003.853 00003.877 00003.922 00003.963 00004.008 00004.105 00004.218 00004.221 00004.226 00004.310 00004.415 00004.525 00004.630 00004.729 00004.833 00004.938 00005.032 00005.082 00005.126 00005.178
00002.541 00002.562 00002.579 00002.589 00002.590 00002.594 00002.604 00002.621 00002.642 00002.662 00002.675 00002.688 00002.699 00002.713 00002.734 00002.755 00002.778 00002.810 00002.844 00002.866 00002.874 00002.883 00002.894 00003.481 00005.184 00006.233 00008.640 -0001.000 -0001.000 -0001.000 -0001.000 -0001.000 -0001.000 00005.056 00003.829 00003.769 00003.769 00003.769 00003.780 00003.794 00003.819 00003.863 00003.908 00003.951 00003.993 00004.054 00004.059 00004.087 00004.200 00004.305 00004.402 00004.504 00004.607 00004.709 00004.817 00004.931 00005.030 00005.080 00005.125 00005.234
00002.516 00002.536 00002.552 00002.556 00002.557 00002.562 00002.574 00002.589 00002.609 00002.628 00002.643 00002.655 00002.669 00002.689 00002.709 00002.732 00002.766 00002.798 00002.817 00002.828 00002.838 00002.850 00002.898 00003.914 00005.440 00006.575 -0001.000 -0001.000 -0001.000 -0001.000 -0001.000 -0001.000 00007.691 00003.875 00003.752 00003.720 00003.719 00003.723 00003.730 00003.760 00003.804 00003.848 00003.894 00003.939 00003.964 00003.966 00003.993 00004.091 00004.200 00004.301 00004.395 00004.498 00004.601 00004.702 00004.811 00004.926 00005.028 00005.078 00005.147 00005.382
00002.488 00002.508 00002.518 00002.521 00002.523 00002.529 00002.536 00002.553 00002.578 00002.598 00002.612 00002.627 00002.648 00002.669 00002.692 00002.724 00002.757 00002.770 00002.785 00002.799 00002.810 00002.833 00002.981 00004.077 00005.462 00006.500 -0001.000 -0001.000 -0001.000 -0001.000 -0001.000 -0001.000 00005.691 00003.734 00003.680 00003.671 00003.669 00003.666 00003.700 00003.745 00003.789 00003.833 00003.875 00003.905 00003.902 00003.939 00003.994 00004.094 00004.202 00004.300 00004.395 00004.496 00004.597 00004.706 00004.821 00004.941 00005.067 00005.214 00005.455 00005.685
00002.457 00002.474 00002.484 00002.485 00002.487 00002.491 00002.503 00002.525 00002.547 00002.566 00002.585 00002.608 00002.629 00002.654 00002.685 00002.713 00002.728 00002.744 00002.760 00002.774 00002.790 00002.809 00002.991 00004.129 00005.558 00006.817 -0001.000 -0001.000 -0001.000 -0001.000 -0001.000 00008.757 00004.298 00003.665 00003.621 00003.616 00003.611 00003.642 00003.686 00003.730 00003.774 00003.809 00003.847 00003.831 00003.884 00003.940 00003.994 00004.098 00004.204 00004.307 00004.411 00004.518 00004.624 00004.732 00004.844 00005.037 00005.290 00005.544 00005.785 00006.005
00002.422 00002.441 00002.444 00002.447 00002.450 00002.460 00002.478 00002.498 00002.518 00002.543 00002.568 00002.590 00002.616 00002.647 00002.672 00002.686 00002.704 00002.721 00002.737 00002.752 00002.769 00002.792 00003.550 00005.169 00006.199 00008.386 -0001.000 -0001.000 00008.883 00007.893 00006.969 00006.982 00003.676 00003.588 00003.564 00003.553 00003.583 00003.630 00003.674 00003.713 00003.750 00003.799 00003.778 00003.833 00003.888 00003.946 00004.010 00004.123 00004.231 00004.333 00004.439 00004.546 00004.651 00004.813 00005.082 00005.340 00005.594 00005.842 00006.093 00006.372
00002.388 00002.397 00002.403 00002.408 00002.417 00002.434 00002.452 00002.471 00002.499 00002.528 00002.553 00002.580 00002.610 00002.633 00002.645 00002.663 00002.682 00002.700 00002.715 00002.730 00002.757 00003.025 00004.473 00005.734 00007.113 -0001.000 00007.893 00005.955 00005.225 00005.236 00004.966 00004.146 00003.531 00003.501 00003.489 00003.524 00003.572 00003.618 00003.651 00003.704 00003.745 00003.728 00003.787 00003.845 00003.904 00003.963 00004.041 00004.152 00004.257 00004.360 00004.467 00004.574 00004.718 00005.135 00005.390 00005.635 00005.878 00006.156 00006.464 00006.774
00002.345 00002.359 00002.365 00002.373 00002.389 00002.406 00002.424 00002.455 00002.486 00002.514 00002.544 00002.574 00002.595 00002.604 00002.622 00002.643 00002.662 00002.678 00002.692 00002.720 00002.782 00003.833 00005.381 00006.517 00008.727 00005.706 00003.838 00003.563 00003.562 00003.620 00003.407 00003.398 00003.409 00003.420 00003.466 00003.516 00003.553 00003.595 00003.659 00003.687 00003.677 00003.744 00003.805 00003.864 00003.938 00004.020 00004.126 00004.235 00004.346 00004.457 00004.566 00004.817 00005.189 00005.438 00005.679 00005.918 00006.210 00006.530 00006.849 00007.326
00002.307 00002.320 00002.332 00002.345 00002.359 00002.378 00002.413 00002.445 00002.474 00002.506 00002.538 00002.560 00002.565 00002.582 00002.602 00002.623 00002.640 00002.655 00002.679 00002.723 00003.265 00004.896 00005.922 00007.703 00005.110 00004.033 00003.231 00003.196 00003.169 00003.241 00003.310 00003.337 00003.355 00003.412 00003.462 00003.493 00003.547 00003.608 00003.621 00003.618 00003.706 00003.789 00003.885 00003.961 00004.049 00004.172 00004.265 00004.358 00004.470 00004.621 00005.042 00005.298 00005.528 00005.742 00005.957 00006.263 00006.588 00006.968 00006.774 00006.878
00002.276 00002.290 00002.305 00002.318 00002.339 00002.373 00002.406 00002.436 00002.469 00002.500 00002.525 00002.529 00002.542 00002.561 00002.582 00002.600 00002.615 00002.641 00002.673 00002.737 00003.840 00005.396 00006.541 00007.741 00004.162 00003.243 00003.172 00003.140 00003.154 00003.207 00003.257 00003.303 00003.361 00003.393 00003.448 00003.502 00003.555 00003.558 00003.563 00003.689 00003.805 00004.027 00004.207 00004.417 00004.643 00004.892 00004.989 00005.066 00005.153 00005.326 00005.577 00005.831 00006.016 00006.218 00006.515 00006.420 00006.339 00006.281 00006.379 00006.480
00002.251 00002.264 00002.279 00002.302 00002.336 00002.368 00002.401 00002.434 00002.466 00002.493 00002.495 00002.504 00002.521 00002.540 00002.557 00002.572 00002.601 00002.633 00002.667 00003.019 00004.219 00005.633 00005.414 00006.493 00004.088 00003.179 00003.112 00003.102 00003.152 00003.197 00003.256 00003.302 00003.351 00003.405 00003.459 00003.509 00003.512 00003.516 00003.594 00003.822 00004.069 00004.055 00004.168 00004.296 00004.441 00004.645 00004.865 00005.078 00005.221 00005.370 00005.549 00005.692 00005.781 00005.862 00005.912 00005.894 00005.885 00005.962 00006.046 00006.187
00002.227 00002.239 00002.266 00002.301 00002.334 00002.365 00002.399 00002.432 00002.464 00002.466 00002.471 00002.484 00002.499 00002.514 00002.529 00002.561 00002.593 00002.625 00002.658 00002.841 00003.669 00003.730 00004.350 00005.520 00003.605 00003.094 00003.045 00003.105 00003.158 00003.218 00003.254 00003.310 00003.364 00003.421 00003.467 00003.472 00003.477 00003.508 00003.694 00003.851 00003.858 00003.898 00003.966 00004.059 00004.190 00004.352 00004.573 00004.799 00005.028 00005.140 00005.250 00005.367 00005.473 00005.531 00005.540 00005.578 00005.669 00005.753 00005.874 00006.052
00002.205 00002.232 00002.268 00002.301 00002.333 00002.364 00002.397 00002.436 00002.443 00002.440 00002.451 00002.463 00002.474 00002.490 00002.522 00002.553 00002.585 00002.617 00002.647 00002.702 00002.867 00003.020 00003.224 00003.236 00003.009 00003.000 00003.063 00003.121 00003.157 00003.215 00003.270 00003.326 00003.382 00003.423 00003.432 00003.440 00003.454 00003.500 00003.675 00003.679 00003.694 00003.757 00003.825 00003.879 00003.940 00004.025 00004.247 00004.472 00004.599 00004.756 00004.990 00005.137 00005.181 00005.212 00005.293 00005.394 00005.492 00005.618 00005.679 00005.435
00002.200 00002.235 00002.269 00002.301 00002.332 00002.363 00002.402 00002.420 00002.416 00002.420 00002.431 00002.441 00002.455 00002.486 00002.516 00002.548 00002.580 00002.609 00002.650 00002.695 00002.755 00002.812 00002.854 00002.932 00002.957 00003.022 00003.080 00003.118 00003.175 00003.231 00003.288 00003.344 00003.382 00003.392 00003.402 00003.412 00003.438 00003.478 00003.519 00003.524 00003.573 00003.608 00003.696 00003.732 00003.760 00003.846 00003.982 00004.146 00004.249 00004.386 00004.584 00004.718 00004.817 00004.986 00005.117 00005.214 00005.323 00005.310 00005.228 00005.184
00002.205 00002.238 00002.269 00002.300 00002.331 00002.371 00002.395 00002.398 00002.400 00002.404 00002.411 00002.421 00002.452 00002.482 00002.513 00002.545 00002.575 00002.620 00002.665 00002.713 00002.762 00002.818 00002.870 00002.923 00002.984 00003.025 00003.081 00003.137 00003.193 00003.251 00003.310 00003.355 00003.353 00003.364 00003.374 00003.397 00003.422 00003.449 00003.479 00003.507 00003.543 00003.578 00003.646 00003.688 00003.723 00003.785 00003.840 00003.891 00003.997 00004.080 00004.142 00004.296 00004.504 00004.647 00004.788 00004.894 00005.012 00005.043 00005.070 00005.112
00002.207 00002.237 00002.269 00002.302 00002.341 00002.366 00002.372 00002.379 00002.383 00002.387 00002.390 00002.420 00002.450 00002.480 00002.511 00002.546 00002.593 00002.639 00002.686 00002.737 00002.788 00002.840 00002.895 00002.952 00002.990 00003.043 00003.100 00003.158 00003.217 00003.272 00003.337 00003.314 00003.326 00003.337 00003.356 00003.382 00003.408 00003.436 00003.466 00003.499 00003.533 00003.571 00003.620 00003.672 00003.730 00003.774 00003.814 00003.862 00003.945 00003.987 00004.034 00004.168 00004.361 00004.478 00004.561 00004.677 00004.802 00004.970 00005.054 00005.099
00002.206 00002.237 00002.272 00002.311 00002.337 00002.343 00002.353 00002.360 00002.366 00002.368 00002.389 00002.418 00002.448 00002.479 00002.520 00002.566 00002.612 00002.663 00002.714 00002.764 00002.816 00002.870 00002.913 00002.960 00003.007 00003.065 00003.124 00003.177 00003.227 00003.278 00003.275 00003.287 00003.299 00003.315 00003.342 00003.368 00003.396 00003.426 00003.459 00003.492 00003.527 00003.565 00003.625 00003.680 00003.724 00003.768 00003.814 00003.866 00003.923 00003.968 00004.045 00004.172 00004.313 00004.431 00004.545 00004.665 00004.787 00004.924 00005.035 00005.085
00002.204 00002.241 00002.280 00002.305 00002.314 00002.326 00002.336 00002.344 00002.355 00002.366 00002.387 00002.415 00002.445 00002.493 00002.540 00002.589 00002.639 00002.691 00002.741 00002.801 00002.838 00002.884 00002.930 00002.977 00003.031 00003.083 00003.133 00003.183 00003.249 00003.243 00003.248 00003.261 00003.273 00003.302 00003.328 00003.356 00003.385 00003.419 00003.452 00003.485 00003.526 00003.584 00003.621 00003.665 00003.713 00003.763 00003.815 00003.868 00003.917 00003.973 00004.057 00004.174 00004.296 00004.416 00004.534 00004.654 00004.775 00004.894 00005.010 00005.072
00002.208 00002.248 00002.271 00002.282 00002.298 00002.310 00002.321 00002.341 00002.346 00002.363 00002.383 00002.419 00002.467 00002.516 00002.566 00002.616 00002.667 00002.731 00002.767 00002.809 00002.855 00002.900 00002.947 00002.990 00003.039 00003.089 00003.146 00003.205 00003.206 00003.210 00003.223 00003.235 00003.261 00003.289 00003.317 00003.345 00003.379 00003.412 00003.446 00003.487 00003.542 00003.567 00003.599 00003.642 00003.698 00003.757 00003.809 00003.862 00003.918 00003.979 00004.070 00004.194 00004.320 00004.443 00004.557 00004.643 00004.772 00004.822 00004.941 00005.038
00002.214 00002.233 00002.250 00002.270 00002.284 00002.310 00002.324 00002.326 00002.344 00002.361 00002.394 00002.444 00002.493 00002.543 00002.611 00002.658 00002.696 00002.735 00002.781 00002.826 00002.870 00002.913 00002.955 00002.996 00003.056 00003.119 00003.172 00003.169 00003.174 00003.185 00003.197 00003.220 00003.249 00003.278 00003.306 00003.339 00003.372 00003.405 00003.448 00003.501 00003.523 00003.549 00003.574 00003.612 00003.669 00003.731 00003.791 00003.853 00003.919 00003.957 00003.976 00003.991 00004.103 00004.238 00004.372 00004.502 00004.627 00004.745 00004.861 00004.983
00002.190 00002.216 00002.240 00002.259 00002.297 00002.304 00002.304 00002.325 00002.343 00002.373 00002.419 00002.484 00002.546 00002.587 00002.626 00002.664 00002.707 00002.752 00002.797 00002.839 00002.881 00002.922 00002.973 00003.029 00003.091 00003.131 00003.134 00003.141 00003.149 00003.160 00003.179 00003.208 00003.237 00003.266 00003.299 00003.332 00003.365 00003.409 00003.463 00003.484 00003.504 00003.529 00003.554 00003.583 00003.633 00003.691 00003.748 00003.800 00003.842 00003.876 00003.918 00003.972 00004.055 00004.182 00004.312 00004.441 00004.566 00004.686 00004.804 00004.929
00002.173 00002.207 00002.235 00002.279 00002.282 00002.282 00002.306 00002.330 00002.361 00002.419 00002.473 00002.514 00002.554 00002.594 00002.635 00002.679 00002.724 00002.766 00002.808 00002.849 00002.899 00002.950 00003.003 00003.064 00003.096 00003.101 00003.108 00003.115 00003.124 00003.138 00003.167 00003.196 00003.225 00003.259 00003.293 00003.325 00003.371 00003.424 00003.443 00003.464 00003.486 00003.508 00003.534 00003.568 00003.609 00003.656 00003.706 00003.753 00003.800 00003.860 00003.913 00003.967 00004.047 00004.160 00004.275 00004.392 00004.510 00004.631 00004.753 00004.881
00002.163 00002.204 00002.251 00002.255 00002.259 00002.287 00002.313 00002.352 00002.399 00002.442 00002.483 00002.524 00002.564 00002.607 00002.652 00002.695 00002.737 00002.778 00002.825 00002.876 00002.927 00002.978 00003.029 00003.059 00003.068 00003.075 00003.082 00003.089 00003.097 00003.126 00003.155 00003.185 00003.223 00003.253 00003.286 00003.334 00003.387 00003.406 00003.423 00003.441 00003.463 00003.487 00003.523 00003.563 00003.602 00003.644 00003.692 00003.752 00003.809 00003.860 00003.913 00003.969 00004.052 00004.165 00004.281 00004.397 00004.515 00004.632 00004.750 00004.866
00002.169 00002.203 00002.222 00002.237 00002.262 00002.292 00002.331 00002.373 00002.413 00002.454 00002.495 00002.537 00002.581 00002.624 00002.667 00002.709 00002.753 00002.802 00002.852 00002.906 00002.950 00002.996 00003.026 00003.035 00003.043 00003.050 00003.057 00003.064 00003.085 00003.114 00003.144 00003.184 00003.221 00003.248 00003.297 00003.349 00003.370 00003.389 00003.406 00003.422 00003.437 00003.478 00003.518 00003.558 00003.597 00003.654 00003.710 00003.757 00003.807 00003.858 00003.913 00003.971 00004.056 00004.171 00004.286 00004.403 00004.519 00004.633 00004.750 00004.867
